7450-636945
OS REV: 1.03 Sensor Cal: 1524168734
Time (sec),  BV (Volts),  T (deg C),  DO (mg/l),  Q ()
1528808700,+3.49,+11.431,+11.138,+0.984
1528809300,+3.49,+11.341,+11.170,+0.984
1528809900,+3.49,+11.215,+11.232,+0.984
1528810500,+3.49,+11.368,+11.193,+0.984
1528811100,+3.49,+11.260,+11.222,+0.984
1528811700,+3.49,+11.224,+11.248,+0.984
1528812300,+3.50,+11.224,+11.260,+0.984
1528812900,+3.49,+11.197,+11.256,+0.984
1528813500,+3.49,+11.170,+11.262,+0.984
1528814100,+3.49,+11.125,+11.303,+0.984
1528814700,+3.49,+11.125,+11.324,+0.984
1528815300,+3.49,+11.188,+11.307,+0.984
1528815900,+3.49,+11.161,+11.337,+0.984
1528816500,+3.49,+11.260,+11.282,+0.984
1528817100,+3.50,+11.323,+11.275,+0.984
1528817700,+3.49,+11.404,+11.229,+0.984
1528818300,+3.49,+11.260,+11.289,+0.984
1528818900,+3.49,+11.359,+11.250,+0.984
1528819500,+3.49,+11.332,+11.256,+0.984
1528820100,+3.49,+11.422,+11.224,+0.984
1528820700,+3.49,+11.386,+11.252,+0.984
1528821300,+3.49,+11.449,+11.253,+0.984
1528821900,+3.49,+11.565,+11.209,+0.984
1528822500,+3.49,+11.413,+11.267,+0.984
1528823100,+3.49,+11.215,+11.317,+0.984
1528823700,+3.49,+11.242,+11.307,+0.984
1528824300,+3.49,+11.287,+11.297,+0.985
1528824900,+3.50,+11.350,+11.248,+0.983
1528825500,+3.49,+11.080,+11.324,+0.984
1528826100,+3.49,+10.873,+11.369,+0.984
1528826700,+3.49,+10.800,+11.368,+0.984
1528827300,+3.49,+10.346,+11.426,+0.984
1528827900,+3.49,+10.100,+11.453,+0.985
1528828500,+3.49,+10.492,+11.442,+0.985
1528829100,+3.49,+10.401,+11.452,+0.985
1528829700,+3.49,+10.410,+11.430,+0.985
1528830300,+3.49,+10.155,+11.480,+0.985
1528830900,+3.49,+10.018,+11.514,+0.985
1528831500,+3.49,+10.127,+11.510,+0.985
1528832100,+3.49,+10.082,+11.479,+0.985
1528832700,+3.49,+10.018,+11.498,+0.985
1528833300,+3.49,+10.027,+11.515,+0.985
1528833900,+3.49,+10.173,+11.497,+0.985
1528834500,+3.49,+10.528,+11.438,+0.984
1528835100,+3.49,+11.008,+11.405,+0.984
1528835700,+3.49,+10.610,+11.441,+0.984
1528836300,+3.49,+10.592,+11.421,+0.984
1528836900,+3.49,+10.854,+11.439,+0.984
1528837500,+3.49,+10.818,+11.443,+0.985
1528838100,+3.49,+10.882,+11.422,+0.985
1528838700,+3.49,+11.044,+11.374,+0.984
1528839300,+3.49,+10.737,+11.480,+0.985
1528839900,+3.49,+10.981,+11.449,+0.984
1528840500,+3.49,+11.044,+11.436,+0.984
1528841100,+3.49,+10.936,+11.428,+0.984
1528841700,+3.49,+10.900,+11.475,+0.985
1528842300,+3.49,+10.854,+11.432,+0.984
1528842900,+3.49,+11.080,+11.420,+0.984
1528843500,+3.49,+10.945,+11.461,+0.985
1528844100,+3.49,+10.845,+11.445,+0.985
1528844700,+3.49,+10.673,+11.493,+0.985
1528845300,+3.49,+10.664,+11.509,+0.985
1528845900,+3.49,+10.945,+11.470,+0.985
1528846500,+3.49,+10.981,+11.451,+0.984
1528847100,+3.49,+11.026,+11.460,+0.984
1528847700,+3.49,+11.107,+11.437,+0.984
1528848300,+3.49,+10.963,+11.461,+0.984
1528848900,+3.49,+10.900,+11.433,+0.984
1528849500,+3.49,+10.655,+11.472,+0.984
1528850100,+3.49,+10.791,+11.438,+0.984
1528850700,+3.49,+10.692,+11.493,+0.984
1528851300,+3.49,+10.746,+11.490,+0.985
1528851900,+3.49,+10.646,+11.478,+0.984
1528852500,+3.49,+10.546,+11.514,+0.985
1528853100,+3.49,+10.619,+11.516,+0.985
1528853700,+3.49,+10.664,+11.492,+0.985
1528854300,+3.49,+10.637,+11.482,+0.985
1528854900,+3.49,+10.646,+11.453,+0.984
1528855500,+3.49,+10.610,+11.505,+0.984
1528856100,+3.49,+10.692,+11.456,+0.984
1528856700,+3.49,+10.701,+11.460,+0.984
1528857300,+3.49,+10.692,+11.467,+0.985
1528857900,+3.49,+10.610,+11.488,+0.984
1528858500,+3.49,+10.637,+11.467,+0.984
1528859100,+3.49,+10.746,+11.478,+0.985
1528859700,+3.49,+10.791,+11.442,+0.984
1528860300,+3.49,+10.836,+11.452,+0.985
1528860900,+3.49,+10.863,+11.452,+0.984
1528861500,+3.49,+10.900,+11.447,+0.984
1528862100,+3.49,+10.999,+11.404,+0.984
1528862700,+3.49,+10.936,+11.407,+0.984
1528863300,+3.49,+10.891,+11.414,+0.984
1528863900,+3.49,+10.882,+11.417,+0.984
1528864500,+3.49,+10.900,+11.419,+0.984
1528865100,+3.49,+11.035,+11.391,+0.984
1528865700,+3.49,+11.044,+11.421,+0.984
1528866300,+3.49,+11.044,+11.381,+0.984
1528866900,+3.49,+10.945,+11.394,+0.984
1528867500,+3.49,+10.809,+11.459,+0.985
1528868100,+3.49,+10.945,+11.405,+0.984
1528868700,+3.49,+10.818,+11.427,+0.984
1528869300,+3.49,+10.664,+11.414,+0.984
1528869900,+3.49,+10.628,+11.415,+0.984
1528870500,+3.49,+10.601,+11.426,+0.984
1528871100,+3.49,+10.610,+11.458,+0.984
1528871700,+3.49,+10.583,+11.464,+0.985
1528872300,+3.49,+10.565,+11.464,+0.985
1528872900,+3.49,+10.619,+11.477,+0.985
1528873500,+3.49,+10.510,+11.491,+0.984
1528874100,+3.49,+10.437,+11.498,+0.984
1528874700,+3.49,+10.255,+11.518,+0.985
1528875300,+3.49,+10.100,+11.451,+0.984
1528875900,+3.49,+10.082,+11.490,+0.985
1528876500,+3.49, +9.798,+11.517,+0.985
1528877100,+3.49, +9.558,+11.495,+0.985
1528877700,+3.49, +9.188,+11.587,+0.985
1528878300,+3.49, +9.198,+11.564,+0.985
1528878900,+3.49, +9.161,+11.545,+0.985
1528879500,+3.49, +8.807,+11.580,+0.985
1528880100,+3.49, +8.732,+11.603,+0.985
1528880700,+3.49, +8.779,+11.565,+0.985
1528881300,+3.49, +8.564,+11.504,+0.985
1528881900,+3.49, +8.160,+11.552,+0.985
1528882500,+3.49, +8.695,+11.702,+0.986
1528883100,+3.49, +9.798,+11.628,+0.986
1528883700,+3.49,+11.224,+11.325,+0.985
1528884300,+3.49,+11.619,+11.236,+0.984
1528884900,+3.49,+11.842,+11.167,+0.984
1528885500,+3.49,+12.020,+11.120,+0.984
1528886100,+3.49,+12.091,+11.106,+0.984
1528886700,+3.49,+12.207,+11.067,+0.983
1528887300,+3.49,+12.242,+11.055,+0.983
1528887900,+3.49,+12.251,+11.066,+0.984
1528888500,+3.49,+12.269,+11.064,+0.984
1528889100,+3.49,+12.278,+11.032,+0.983
1528889700,+3.49,+12.251,+11.053,+0.983
1528890300,+3.49,+12.260,+11.053,+0.984
1528890900,+3.49,+12.331,+11.003,+0.983
1528891500,+3.49,+12.216,+11.043,+0.983
1528892100,+3.49,+12.287,+11.035,+0.984
1528892700,+3.49,+12.331,+11.017,+0.983
1528893300,+3.49,+12.304,+11.023,+0.983
1528893900,+3.49,+12.216,+11.044,+0.983
1528894500,+3.49,+12.154,+11.062,+0.983
1528895100,+3.49,+12.127,+11.052,+0.983
