7450-636945
OS REV: 1.03 Sensor Cal: 1524168734
Time (sec),  BV (Volts),  T (deg C),  DO (mg/l),  Q ()
1530809700,+3.52,+16.345, +9.772,+0.980
1530810300,+3.52,+16.686, +9.669,+0.980
1530810900,+3.52,+16.533, +9.711,+0.980
1530811500,+3.52,+16.482, +9.720,+0.980
1530812100,+3.52,+16.881, +9.704,+0.980
1530812700,+3.52,+16.949, +9.662,+0.980
1530813300,+3.52,+16.618, +9.754,+0.980
1530813900,+3.52,+16.490, +9.763,+0.979
1530814500,+3.52,+16.431, +9.779,+0.980
1530815100,+3.52,+16.286, +9.781,+0.980
1530815700,+3.52,+16.141, +9.775,+0.980
1530816300,+3.52,+16.047, +9.850,+0.981
1530816900,+3.52,+16.098, +9.854,+0.981
1530817500,+3.52,+16.081, +9.844,+0.981
1530818100,+3.52,+16.064, +9.802,+0.980
1530818700,+3.52,+16.064, +9.844,+0.981
1530819300,+3.52,+16.039, +9.829,+0.980
1530819900,+3.52,+16.030, +9.836,+0.980
1530820500,+3.52,+16.005, +9.857,+0.981
1530821100,+3.52,+16.081, +9.872,+0.980
1530821700,+3.52,+16.218, +9.842,+0.980
1530822300,+3.52,+16.414, +9.766,+0.980
1530822900,+3.52,+16.167, +9.822,+0.981
1530823500,+3.52,+16.277, +9.835,+0.981
1530824100,+3.52,+16.448, +9.742,+0.980
1530824700,+3.52,+16.431, +9.763,+0.980
1530825300,+3.52,+16.294, +9.800,+0.980
1530825900,+3.52,+16.541, +9.750,+0.980
1530826500,+3.52,+17.144, +9.561,+0.980
1530827100,+3.52,+16.635, +9.735,+0.980
1530827700,+3.52,+16.422, +9.758,+0.980
1530828300,+3.52,+16.243, +9.796,+0.980
1530828900,+3.52,+16.243, +9.807,+0.980
1530829500,+3.52,+16.150, +9.816,+0.980
1530830100,+3.52,+16.124, +9.821,+0.980
1530830700,+3.52,+16.115, +9.832,+0.980
1530831300,+3.52,+16.218, +9.797,+0.980
1530831900,+3.52,+16.184, +9.805,+0.980
1530832500,+3.52,+16.201, +9.794,+0.980
1530833100,+3.52,+16.218, +9.806,+0.980
1530833700,+3.52,+16.303, +9.775,+0.980
1530834300,+3.52,+16.371, +9.772,+0.980
1530834900,+3.52,+16.422, +9.755,+0.980
1530835500,+3.52,+16.507, +9.737,+0.980
1530836100,+3.52,+16.601, +9.691,+0.980
1530836700,+3.52,+17.178, +9.635,+0.980
1530837300,+3.52,+17.381, +9.541,+0.979
1530837900,+3.52,+18.064, +9.397,+0.979
1530838500,+3.52,+18.182, +9.362,+0.979
1530839100,+3.52,+18.165, +9.371,+0.978
1530839700,+3.52,+18.199, +9.369,+0.979
1530840300,+3.52,+18.191, +9.348,+0.979
1530840900,+3.52,+18.233, +9.331,+0.978
1530841500,+3.52,+17.811, +9.456,+0.980
1530842100,+3.52,+17.313, +9.519,+0.979
1530842700,+3.52,+17.296, +9.509,+0.978
1530843300,+3.52,+17.321, +9.515,+0.979
1530843900,+3.52,+17.372, +9.509,+0.979
1530844500,+3.52,+17.008, +9.610,+0.980
1530845100,+3.52,+16.957, +9.617,+0.979
1530845700,+3.52,+16.923, +9.638,+0.980
1530846300,+3.52,+16.983, +9.611,+0.980
1530846900,+3.52,+17.135, +9.600,+0.980
1530847500,+3.52,+17.135, +9.544,+0.979
1530848100,+3.52,+17.025, +9.591,+0.980
1530848700,+3.52,+16.669, +9.647,+0.979
1530849300,+3.52,+17.042, +9.586,+0.980
1530849900,+3.52,+16.949, +9.539,+0.979
1530850500,+3.52,+16.838, +9.652,+0.980
1530851100,+3.52,+17.389, +9.462,+0.979
1530851700,+3.52,+17.211, +9.569,+0.979
1530852300,+3.52,+17.296, +9.472,+0.979
1530852900,+3.52,+17.592, +9.411,+0.979
1530853500,+3.52,+17.693, +9.432,+0.979
1530854100,+3.52,+17.972, +9.375,+0.979
1530854700,+3.52,+18.149, +9.314,+0.978
1530855300,+3.52,+18.266, +9.296,+0.979
1530855900,+3.52,+18.258, +9.305,+0.978
1530856500,+3.52,+18.308, +9.265,+0.978
1530857100,+3.52,+18.367, +9.207,+0.978
1530857700,+3.52,+18.376, +9.270,+0.979
1530858300,+3.52,+18.342, +9.224,+0.978
1530858900,+3.52,+18.325, +9.225,+0.979
1530859500,+3.52,+18.300, +9.259,+0.979
1530860100,+3.52,+18.283, +9.253,+0.978
1530860700,+3.52,+18.216, +9.252,+0.978
1530861300,+3.52,+18.266, +9.220,+0.979
1530861900,+3.52,+18.241, +9.265,+0.979
1530862500,+3.52,+18.191, +9.306,+0.979
1530863100,+3.52,+18.233, +9.288,+0.979
1530863700,+3.52,+18.216, +9.294,+0.979
1530864300,+3.52,+18.233, +9.289,+0.979
1530864900,+3.52,+18.241, +9.287,+0.979
1530865500,+3.52,+18.224, +9.282,+0.979
1530866100,+3.52,+18.317, +9.269,+0.979
1530866700,+3.52,+18.334, +9.262,+0.979
1530867300,+3.52,+18.308, +9.268,+0.979
1530867900,+3.52,+18.266, +9.273,+0.979
1530868500,+3.52,+18.325, +9.233,+0.979
1530869100,+3.52,+18.325, +9.248,+0.979
1530869700,+3.52,+18.351, +9.203,+0.979
1530870300,+3.52,+18.367, +9.201,+0.979
1530870900,+3.52,+18.233, +9.227,+0.979
1530871500,+3.52,+18.241, +9.233,+0.978
1530872100,+3.52,+18.073, +9.276,+0.978
1530872700,+3.52,+18.241, +9.243,+0.979
1530873300,+3.52,+18.039, +9.319,+0.978
1530873900,+3.52,+17.693, +9.391,+0.979
1530874500,+3.52,+17.685, +9.424,+0.980
1530875100,+3.52,+17.727, +9.367,+0.979
1530875700,+3.52,+17.735, +9.408,+0.979
1530876300,+3.52,+17.794, +9.334,+0.979
1530876900,+3.52,+17.600, +9.419,+0.979
1530877500,+3.52,+17.507, +9.439,+0.980
1530878100,+3.52,+17.524, +9.415,+0.979
1530878700,+3.52,+17.474, +9.427,+0.979
1530879300,+3.52,+17.448, +9.448,+0.980
1530879900,+3.52,+17.296, +9.402,+0.979
1530880500,+3.52,+17.355, +9.424,+0.979
1530881100,+3.52,+17.431, +9.440,+0.979
1530881700,+3.52,+16.881, +9.589,+0.979
1530882300,+3.52,+17.321, +9.500,+0.980
1530882900,+3.52,+17.592, +9.463,+0.980
1530883500,+3.52,+17.828, +9.380,+0.979
1530884100,+3.52,+17.668, +9.422,+0.979
1530884700,+3.52,+17.499, +9.461,+0.979
1530885300,+3.52,+17.533, +9.470,+0.979
1530885900,+3.52,+17.617, +9.454,+0.980
1530886500,+3.52,+17.634, +9.465,+0.980
1530887100,+3.52,+17.761, +9.428,+0.979
1530887700,+3.52,+17.693, +9.469,+0.979
1530888300,+3.52,+17.896, +9.377,+0.979
1530888900,+3.52,+17.921, +9.339,+0.979
1530889500,+3.52,+17.862, +9.372,+0.979
1530890100,+3.52,+17.651, +9.440,+0.979
1530890700,+3.52,+17.862, +9.353,+0.979
1530891300,+3.52,+17.862, +9.339,+0.979
1530891900,+3.52,+17.896, +9.317,+0.979
1530892500,+3.52,+17.913, +9.308,+0.979
1530893100,+3.52,+17.854, +9.335,+0.979
1530893700,+3.52,+17.946, +9.326,+0.979
1530894300,+3.52,+17.938, +9.312,+0.979
1530894900,+3.52,+17.929, +9.302,+0.979
1530895500,+3.52,+17.887, +9.316,+0.978
1530896100,+3.52,+17.837, +9.363,+0.979
