7450-433226
OS REV: 1.03 Sensor Cal: 1524163582
Time (sec),  BV (Volts),  T (deg C),  DO (mg/l),  Q ()
1535159220,+3.55,+19.282, +5.843,+0.948
1535159820,+3.55,+19.324, +5.805,+0.948
1535160420,+3.55,+19.609, +6.145,+0.948
1535161020,+3.55,+19.701, +6.367,+0.948
1535161620,+3.55,+19.894, +6.620,+0.948
1535162220,+3.55,+19.911, +6.679,+0.947
1535162820,+3.55,+20.187, +6.959,+0.947
1535163420,+3.55,+20.330, +7.147,+0.947
1535164020,+3.55,+20.388, +7.103,+0.947
1535164620,+3.55,+20.405, +7.200,+0.948
1535165220,+3.55,+20.463, +7.188,+0.947
1535165820,+3.55,+20.505, +7.308,+0.947
1535166420,+3.55,+20.455, +7.082,+0.947
1535167020,+3.55,+20.212, +6.556,+0.947
1535167620,+3.55,+20.045, +6.530,+0.947
1535168220,+3.55,+19.919, +6.581,+0.947
1535168820,+3.55,+20.162, +6.782,+0.947
1535169420,+3.55,+20.204, +6.953,+0.948
1535170020,+3.55,+20.045, +6.547,+0.947
1535170620,+3.55,+20.103, +6.646,+0.947
1535171220,+3.55,+20.145, +6.735,+0.947
1535171820,+3.55,+20.346, +7.314,+0.947
1535172420,+3.55,+20.363, +7.307,+0.947
1535173020,+3.55,+20.422, +7.352,+0.947
1535173620,+3.55,+20.137, +6.784,+0.947
1535174220,+3.55,+20.279, +6.979,+0.947
1535174820,+3.55,+20.263, +6.828,+0.947
1535175420,+3.55,+19.969, +6.565,+0.947
1535176020,+3.55,+19.911, +6.525,+0.947
1535176620,+3.55,+19.852, +6.332,+0.947
1535177220,+3.55,+19.760, +6.319,+0.948
1535177820,+3.55,+19.601, +6.004,+0.947
1535178420,+3.55,+19.466, +5.850,+0.947
1535179020,+3.55,+19.332, +5.671,+0.948
1535179620,+3.55,+19.181, +5.504,+0.948
1535180220,+3.55,+18.853, +5.170,+0.948
1535180820,+3.55,+18.820, +5.058,+0.948
1535181420,+3.55,+18.660, +4.924,+0.948
1535182020,+3.55,+18.450, +4.891,+0.948
1535182620,+3.55,+18.475, +4.945,+0.949
1535183220,+3.55,+18.441, +4.977,+0.949
1535183820,+3.55,+18.483, +5.044,+0.949
1535184420,+3.55,+18.618, +5.140,+0.949
1535185020,+3.55,+18.828, +5.294,+0.948
1535185620,+3.55,+18.912, +5.459,+0.948
1535186220,+3.55,+19.105, +5.737,+0.948
1535186820,+3.55,+19.223, +5.914,+0.948
1535187420,+3.55,+19.324, +5.913,+0.947
1535188020,+3.55,+19.391, +5.857,+0.947
1535188620,+3.55,+19.508, +5.985,+0.947
1535189220,+3.55,+19.626, +6.201,+0.948
1535189820,+3.55,+19.684, +6.444,+0.947
1535190420,+3.55,+19.844, +6.468,+0.947
1535191020,+3.55,+19.684, +6.322,+0.947
1535191620,+3.55,+19.634, +6.262,+0.947
1535192220,+3.55,+19.693, +6.309,+0.947
1535192820,+3.55,+19.626, +6.238,+0.947
1535193420,+3.55,+19.676, +6.191,+0.947
1535194020,+3.55,+19.693, +6.306,+0.948
1535194620,+3.55,+19.986, +6.624,+0.947
1535195220,+3.55,+20.112, +6.936,+0.947
1535195820,+3.55,+20.036, +6.723,+0.947
1535196420,+3.55,+19.969, +6.567,+0.947
1535197020,+3.55,+20.003, +6.805,+0.947
1535197620,+3.55,+20.078, +6.988,+0.948
1535198220,+3.55,+20.036, +6.820,+0.947
1535198820,+3.55,+19.944, +6.508,+0.947
1535199420,+3.55,+19.869, +6.475,+0.947
1535200020,+3.55,+19.810, +6.415,+0.947
1535200620,+3.55,+19.584, +6.025,+0.947
1535201220,+3.55,+19.500, +5.971,+0.947
1535201820,+3.55,+19.500, +5.968,+0.947
1535202420,+3.55,+19.366, +5.920,+0.947
1535203020,+3.55,+19.340, +5.908,+0.947
1535203620,+3.55,+19.315, +5.875,+0.947
1535204220,+3.55,+19.231, +5.864,+0.948
1535204820,+3.55,+19.257, +5.873,+0.947
1535205420,+3.55,+19.290, +5.807,+0.947
1535206020,+3.55,+19.240, +5.778,+0.947
1535206620,+3.55,+19.181, +5.639,+0.947
1535207220,+3.55,+19.240, +5.670,+0.947
1535207820,+3.55,+19.307, +5.704,+0.947
1535208420,+3.55,+19.349, +5.640,+0.947
1535209020,+3.55,+19.433, +5.798,+0.947
1535209620,+3.55,+19.391, +5.661,+0.947
1535210220,+3.55,+19.147, +5.409,+0.948
1535210820,+3.55,+19.131, +5.393,+0.947
1535211420,+3.55,+19.240, +5.456,+0.947
1535212020,+3.55,+19.424, +5.681,+0.947
1535212620,+3.55,+19.340, +5.636,+0.947
1535213220,+3.55,+19.424, +5.788,+0.947
1535213820,+3.55,+19.374, +5.639,+0.948
1535214420,+3.55,+19.307, +5.622,+0.947
1535215020,+3.55,+19.240, +5.496,+0.948
1535215620,+3.55,+19.223, +5.520,+0.947
1535216220,+3.55,+19.332, +5.718,+0.947
1535216820,+3.55,+19.332, +5.641,+0.948
1535217420,+3.55,+19.265, +5.683,+0.948
1535218020,+3.55,+19.147, +5.429,+0.948
1535218620,+3.55,+18.904, +5.312,+0.948
1535219220,+3.55,+18.845, +5.358,+0.948
1535219820,+3.55,+18.837, +5.373,+0.948
1535220420,+3.55,+18.870, +5.380,+0.948
1535221020,+3.55,+18.946, +5.411,+0.948
1535221620,+3.55,+19.038, +5.407,+0.948
1535222220,+3.55,+19.173, +5.615,+0.948
1535222820,+3.55,+19.332, +5.781,+0.948
1535223420,+3.55,+19.559, +6.032,+0.947
1535224020,+3.55,+19.701, +6.302,+0.947
1535224620,+3.55,+19.810, +6.471,+0.947
1535225220,+3.55,+19.911, +6.523,+0.947
1535225820,+3.55,+19.944, +6.568,+0.947
1535226420,+3.55,+19.978, +6.509,+0.946
1535227020,+3.55,+20.053, +6.846,+0.947
1535227620,+3.55,+20.070, +6.914,+0.947
1535228220,+3.55,+20.120, +6.959,+0.947
1535228820,+3.55,+20.162, +7.037,+0.946
1535229420,+3.55,+20.246, +7.189,+0.947
1535230020,+3.55,+20.212, +7.185,+0.947
1535230620,+3.55,+20.254, +7.149,+0.947
1535231220,+3.55,+20.229, +7.157,+0.947
1535231820,+3.55,+20.246, +7.166,+0.946
1535232420,+3.55,+20.254, +7.215,+0.947
1535233020,+3.55,+20.330, +7.225,+0.947
1535233620,+3.55,+20.330, +7.219,+0.946
1535234220,+3.55,+20.288, +7.263,+0.947
1535234820,+3.55,+20.279, +7.247,+0.947
1535235420,+3.55,+20.221, +6.989,+0.946
1535236020,+3.55,+19.953, +6.702,+0.946
1535236620,+3.55,+19.701, +6.352,+0.947
1535237220,+3.55,+19.726, +6.322,+0.947
1535237820,+3.55,+19.676, +6.214,+0.947
1535238420,+3.55,+19.567, +6.057,+0.947
1535239020,+3.55,+19.718, +6.378,+0.947
1535239620,+3.55,+19.475, +5.741,+0.947
1535240220,+3.55,+19.206, +5.416,+0.947
1535240820,+3.55,+19.164, +5.375,+0.948
1535241420,+3.55,+19.257, +5.326,+0.947
1535242020,+3.55,+19.164, +5.418,+0.948
1535242620,+3.55,+19.189, +5.402,+0.947
1535243220,+3.55,+19.156, +5.402,+0.947
1535243820,+3.55,+19.248, +5.328,+0.947
1535244420,+3.55,+19.299, +5.336,+0.948
1535245020,+3.55,+19.399, +5.689,+0.947
1535245620,+3.55,+19.391, +5.807,+0.947
