7450-433226
OS REV: 1.03 Sensor Cal: 1524163582
Time (sec),  BV (Volts),  T (deg C),  DO (mg/l),  Q ()
1531766220,+3.54,+14.782, +6.347,+0.954
1531766820,+3.54,+14.411, +6.367,+0.955
1531767420,+3.54,+14.549, +6.355,+0.955
1531768020,+3.54,+14.367, +6.322,+0.955
1531768620,+3.54,+14.281, +6.312,+0.955
1531769220,+3.54,+14.185, +6.272,+0.955
1531769820,+3.54,+13.890, +6.252,+0.955
1531770420,+3.54,+13.593, +6.283,+0.956
1531771020,+3.54,+13.724, +6.287,+0.956
1531771620,+3.54,+13.296, +6.267,+0.956
1531772220,+3.54,+13.164, +6.315,+0.956
1531772820,+3.54,+12.945, +6.282,+0.956
1531773420,+3.54,+12.592, +6.128,+0.956
1531774020,+3.54,+12.583, +6.233,+0.957
1531774620,+3.54,+12.716, +6.254,+0.956
1531775220,+3.54,+13.006, +6.348,+0.956
1531775820,+3.54,+13.567, +6.450,+0.955
1531776420,+3.54,+13.794, +6.416,+0.955
1531777020,+3.54,+14.020, +6.504,+0.955
1531777620,+3.54,+14.454, +6.483,+0.955
1531778220,+3.54,+14.575, +6.495,+0.955
1531778820,+3.54,+14.480, +6.507,+0.955
1531779420,+3.53,+14.514, +6.521,+0.954
1531780020,+3.53,+14.592, +6.500,+0.954
1531780620,+3.54,+14.107, +6.478,+0.955
1531781220,+3.54,+14.194, +6.557,+0.955
1531781820,+3.54,+14.341, +6.583,+0.954
1531782420,+3.54,+14.843, +6.610,+0.954
1531783020,+3.54,+15.281, +6.727,+0.954
1531783620,+3.54,+15.170, +6.717,+0.954
1531784220,+3.54,+15.032, +6.598,+0.954
1531784820,+3.54,+15.024, +6.609,+0.953
1531785420,+3.53,+15.496, +6.731,+0.954
1531786020,+3.54,+15.239, +6.708,+0.953
1531786620,+3.53,+15.487, +6.777,+0.954
1531787220,+3.54,+15.324, +6.679,+0.953
1531787820,+3.54,+15.247, +6.804,+0.954
1531788420,+3.54,+15.239, +6.651,+0.954
1531789020,+3.54,+15.092, +6.601,+0.954
1531789620,+3.54,+14.791, +6.495,+0.954
1531790220,+3.53,+15.239, +6.626,+0.954
1531790820,+3.53,+15.213, +6.733,+0.954
1531791420,+3.54,+15.264, +6.593,+0.953
1531792020,+3.54,+15.178, +6.597,+0.954
1531792620,+3.54,+15.015, +6.523,+0.954
1531793220,+3.54,+15.273, +6.548,+0.953
1531793820,+3.54,+14.877, +6.457,+0.954
1531794420,+3.53,+14.989, +6.640,+0.954
1531795020,+3.53,+15.187, +6.548,+0.953
1531795620,+3.53,+15.410, +6.664,+0.954
1531796220,+3.53,+15.333, +6.556,+0.953
1531796820,+3.54,+14.670, +6.395,+0.954
1531797420,+3.54,+14.584, +6.445,+0.955
1531798020,+3.54,+14.730, +6.368,+0.954
1531798620,+3.53,+14.462, +6.327,+0.955
1531799220,+3.54,+14.886, +6.470,+0.955
1531799820,+3.53,+14.980, +6.400,+0.954
1531800420,+3.54,+14.860, +6.350,+0.954
1531801020,+3.54,+14.894, +6.315,+0.954
1531801620,+3.54,+14.834, +6.261,+0.955
1531802220,+3.54,+14.765, +6.157,+0.954
1531802820,+3.54,+15.230, +6.295,+0.954
1531803420,+3.54,+15.110, +6.344,+0.954
1531804020,+3.54,+14.765, +6.147,+0.954
1531804620,+3.54,+14.445, +6.167,+0.955
1531805220,+3.54,+14.419, +6.155,+0.954
1531805820,+3.54,+14.713, +6.374,+0.955
1531806420,+3.53,+15.470, +6.492,+0.954
1531807020,+3.54,+15.625, +6.432,+0.953
1531807620,+3.54,+15.864, +6.517,+0.953
1531808220,+3.53,+15.685, +6.428,+0.953
1531808820,+3.53,+15.427, +6.387,+0.953
1531809420,+3.53,+15.796, +6.522,+0.953
1531810020,+3.54,+16.009, +6.564,+0.953
1531810620,+3.54,+16.061, +6.644,+0.953
1531811220,+3.54,+16.265, +6.640,+0.953
1531811820,+3.53,+16.376, +6.637,+0.953
1531812420,+3.53,+16.427, +6.655,+0.953
1531813020,+3.53,+16.529, +6.629,+0.952
1531813620,+3.53,+16.368, +6.612,+0.953
1531814220,+3.54,+16.470, +6.605,+0.952
1531814820,+3.53,+16.640, +6.626,+0.953
1531815420,+3.54,+16.444, +6.611,+0.952
1531816020,+3.54,+16.291, +6.576,+0.953
1531816620,+3.53,+16.223, +6.532,+0.952
1531817220,+3.53,+16.018, +6.460,+0.953
1531817820,+3.53,+15.650, +6.397,+0.953
1531818420,+3.53,+15.479, +6.335,+0.954
1531819020,+3.54,+15.333, +6.371,+0.954
1531819620,+3.54,+15.101, +6.355,+0.954
1531820220,+3.54,+15.393, +6.424,+0.954
1531820820,+3.53,+15.573, +6.460,+0.954
1531821420,+3.53,+15.565, +6.421,+0.954
1531822020,+3.54,+15.530, +6.358,+0.953
1531822620,+3.53,+15.496, +6.422,+0.954
1531823220,+3.53,+15.582, +6.437,+0.954
1531823820,+3.54,+15.864, +6.509,+0.953
1531824420,+3.54,+15.984, +6.634,+0.953
1531825020,+3.54,+15.864, +6.595,+0.953
1531825620,+3.54,+15.933, +6.600,+0.953
1531826220,+3.54,+15.856, +6.562,+0.953
1531826820,+3.54,+16.009, +6.635,+0.953
1531827420,+3.54,+16.018, +6.581,+0.953
1531828020,+3.54,+15.941, +6.534,+0.953
1531828620,+3.54,+15.787, +6.520,+0.953
1531829220,+3.54,+15.727, +6.512,+0.954
1531829820,+3.54,+15.881, +6.554,+0.953
1531830420,+3.54,+15.915, +6.569,+0.953
1531831020,+3.54,+15.967, +6.551,+0.953
1531831620,+3.54,+16.026, +6.566,+0.953
1531832220,+3.54,+16.078, +6.631,+0.953
1531832820,+3.54,+16.112, +6.583,+0.953
1531833420,+3.54,+16.044, +6.559,+0.953
1531834020,+3.54,+16.257, +6.500,+0.953
1531834620,+3.54,+16.163, +6.494,+0.953
1531835220,+3.54,+16.282, +6.509,+0.953
1531835820,+3.54,+16.521, +6.570,+0.953
1531836420,+3.54,+16.631, +6.601,+0.952
1531837020,+3.54,+16.835, +6.659,+0.952
1531837620,+3.54,+16.954, +6.669,+0.952
1531838220,+3.54,+17.098, +6.697,+0.952
1531838820,+3.54,+17.149, +6.694,+0.952
1531839420,+3.54,+16.971, +6.655,+0.952
1531840020,+3.54,+16.946, +6.687,+0.952
1531840620,+3.54,+16.886, +6.627,+0.952
1531841220,+3.54,+16.538, +6.520,+0.952
1531841820,+3.54,+16.316, +6.534,+0.953
1531842420,+3.54,+16.214, +6.574,+0.953
1531843020,+3.54,+16.120, +6.571,+0.953
1531843620,+3.54,+15.898, +6.455,+0.953
1531844220,+3.54,+15.744, +6.350,+0.953
1531844820,+3.54,+15.753, +6.372,+0.953
1531845420,+3.54,+15.839, +6.427,+0.953
1531846020,+3.54,+15.539, +6.368,+0.954
1531846620,+3.54,+15.479, +6.422,+0.954
1531847220,+3.54,+15.599, +6.388,+0.954
1531847820,+3.54,+15.736, +6.435,+0.953
1531848420,+3.54,+15.693, +6.350,+0.954
1531849020,+3.54,+15.659, +6.375,+0.954
1531849620,+3.54,+15.616, +6.323,+0.954
1531850220,+3.54,+15.547, +6.403,+0.953
1531850820,+3.54,+15.650, +6.464,+0.954
1531851420,+3.54,+15.864, +6.501,+0.954
1531852020,+3.54,+15.856, +6.496,+0.953
1531852620,+3.54,+15.787, +6.465,+0.953
