7450-433226
OS REV: 1.03 Sensor Cal: 1524163582
Time (sec),  BV (Volts),  T (deg C),  DO (mg/l),  Q ()
1531679220,+3.53,+15.118, +6.460,+0.954
1531679820,+3.53,+15.015, +6.501,+0.954
1531680420,+3.53,+15.075, +6.503,+0.954
1531681020,+3.53,+15.092, +6.527,+0.954
1531681620,+3.53,+15.144, +6.541,+0.954
1531682220,+3.53,+15.153, +6.505,+0.953
1531682820,+3.53,+14.402, +6.416,+0.954
1531683420,+3.53,+14.263, +6.447,+0.955
1531684020,+3.53,+14.350, +6.447,+0.955
1531684620,+3.53,+14.333, +6.507,+0.955
1531685220,+3.53,+14.558, +6.529,+0.955
1531685820,+3.53,+14.834, +6.518,+0.954
1531686420,+3.53,+14.989, +6.578,+0.954
1531687020,+3.53,+15.376, +6.586,+0.954
1531687620,+3.53,+15.607, +6.646,+0.953
1531688220,+3.53,+15.753, +6.402,+0.952
1531688820,+3.53,+14.834, +6.450,+0.953
1531689420,+3.53,+13.881, +6.409,+0.955
1531690020,+3.53,+14.185, +6.452,+0.955
1531690620,+3.53,+14.107, +6.478,+0.955
1531691220,+3.53,+14.324, +6.534,+0.955
1531691820,+3.53,+14.376, +6.473,+0.954
1531692420,+3.53,+14.532, +6.593,+0.955
1531693020,+3.53,+14.946, +6.678,+0.954
1531693620,+3.53,+14.471, +6.497,+0.954
1531694220,+3.53,+14.601, +6.578,+0.955
1531694820,+3.53,+14.350, +6.473,+0.955
1531695420,+3.53,+13.803, +6.421,+0.955
1531696020,+3.53,+14.055, +6.517,+0.955
1531696620,+3.53,+15.324, +6.724,+0.954
1531697220,+3.53,+15.316, +6.674,+0.954
1531697820,+3.53,+14.963, +6.506,+0.953
1531698420,+3.53,+14.584, +6.540,+0.954
1531699020,+3.53,+15.736, +6.777,+0.953
1531699620,+3.53,+16.325, +6.818,+0.953
1531700220,+3.53,+16.299, +6.773,+0.953
1531700820,+3.53,+15.967, +6.677,+0.952
1531701420,+3.53,+15.796, +6.690,+0.953
1531702020,+3.53,+15.410, +6.689,+0.953
1531702620,+3.53,+16.052, +6.776,+0.952
1531703220,+3.53,+16.240, +6.845,+0.953
1531703820,+3.53,+16.248, +6.743,+0.952
1531704420,+3.53,+15.856, +6.626,+0.952
1531705020,+3.53,+15.565, +6.646,+0.953
1531705620,+3.53,+15.385, +6.589,+0.953
1531706220,+3.53,+14.912, +6.461,+0.954
1531706820,+3.53,+14.886, +6.480,+0.954
1531707420,+3.53,+14.963, +6.549,+0.954
1531708020,+3.53,+15.101, +6.534,+0.954
1531708620,+3.54,+14.929, +6.531,+0.954
1531709220,+3.54,+14.055, +6.213,+0.955
1531709820,+3.53,+13.864, +6.190,+0.955
1531710420,+3.53,+14.142, +6.270,+0.955
1531711020,+3.53,+14.834, +6.585,+0.954
1531711620,+3.53,+15.153, +6.600,+0.954
1531712220,+3.53,+15.075, +6.600,+0.954
1531712820,+3.53,+15.041, +6.539,+0.954
1531713420,+3.53,+14.834, +6.510,+0.954
1531714020,+3.53,+14.825, +6.488,+0.954
1531714620,+3.53,+14.566, +6.407,+0.954
1531715220,+3.53,+14.670, +6.420,+0.954
1531715820,+3.53,+14.808, +6.380,+0.955
1531716420,+3.53,+14.756, +6.367,+0.955
1531717020,+3.53,+14.575, +6.361,+0.955
1531717620,+3.53,+14.894, +6.371,+0.954
1531718220,+3.53,+15.350, +6.500,+0.954
1531718820,+3.53,+15.359, +6.493,+0.953
1531719420,+3.53,+15.427, +6.566,+0.953
1531720020,+3.53,+15.075, +6.499,+0.953
1531720620,+3.53,+15.110, +6.512,+0.954
1531721220,+3.53,+15.153, +6.512,+0.954
1531721820,+3.53,+15.625, +6.586,+0.953
1531722420,+3.53,+15.727, +6.527,+0.953
1531723020,+3.53,+15.539, +6.494,+0.954
1531723620,+3.53,+15.487, +6.498,+0.953
1531724220,+3.53,+15.779, +6.509,+0.953
1531724820,+3.53,+15.813, +6.508,+0.953
1531725420,+3.53,+15.924, +6.577,+0.953
1531726020,+3.53,+16.163, +6.613,+0.953
1531726620,+3.53,+16.248, +6.678,+0.953
1531727220,+3.53,+16.487, +6.700,+0.953
1531727820,+3.53,+16.572, +6.712,+0.952
1531728420,+3.53,+16.801, +6.728,+0.952
1531729020,+3.53,+16.852, +6.775,+0.952
1531729620,+3.53,+16.980, +6.740,+0.952
1531730220,+3.53,+17.056, +6.717,+0.952
1531730820,+3.53,+17.047, +6.744,+0.952
1531731420,+3.53,+16.640, +6.692,+0.952
1531732020,+3.53,+16.589, +6.710,+0.952
1531732620,+3.53,+16.376, +6.658,+0.952
1531733220,+3.54,+16.129, +6.656,+0.953
1531733820,+3.54,+16.197, +6.700,+0.953
1531734420,+3.53,+16.137, +6.661,+0.953
1531735020,+3.54,+15.933, +6.576,+0.953
1531735620,+3.54,+15.796, +6.580,+0.953
1531736220,+3.53,+15.513, +6.546,+0.954
1531736820,+3.53,+15.376, +6.486,+0.953
1531737420,+3.53,+15.453, +6.526,+0.954
1531738020,+3.54,+15.213, +6.487,+0.954
1531738620,+3.54,+15.015, +6.459,+0.954
1531739220,+3.54,+15.041, +6.520,+0.954
1531739820,+3.54,+15.178, +6.465,+0.954
1531740420,+3.54,+15.530, +6.519,+0.954
1531741020,+3.54,+15.565, +6.539,+0.953
1531741620,+3.53,+15.633, +6.580,+0.953
1531742220,+3.53,+15.685, +6.536,+0.953
1531742820,+3.53,+15.556, +6.517,+0.953
1531743420,+3.53,+15.505, +6.541,+0.953
1531744020,+3.53,+15.547, +6.561,+0.954
1531744620,+3.53,+15.625, +6.577,+0.953
1531745220,+3.53,+15.547, +6.520,+0.953
1531745820,+3.53,+15.659, +6.518,+0.953
1531746420,+3.54,+15.873, +6.534,+0.953
1531747020,+3.54,+16.035, +6.605,+0.953
1531747620,+3.54,+16.112, +6.718,+0.953
1531748220,+3.53,+16.563, +6.775,+0.953
1531748820,+3.54,+16.997, +6.899,+0.952
1531749420,+3.54,+17.056, +6.917,+0.953
1531750020,+3.54,+17.437, +6.937,+0.953
1531750620,+3.53,+17.606, +6.900,+0.952
1531751220,+3.54,+17.876, +7.044,+0.952
1531751820,+3.54,+18.113, +6.969,+0.951
1531752420,+3.54,+18.172, +7.240,+0.952
1531753020,+3.54,+18.188, +6.959,+0.952
1531753620,+3.54,+18.138, +7.249,+0.952
1531754220,+3.54,+18.155, +7.239,+0.952
1531754820,+3.54,+18.104, +7.140,+0.952
1531755420,+3.54,+18.155, +7.077,+0.952
1531756020,+3.54,+18.239, +6.996,+0.952
1531756620,+3.54,+18.247, +6.919,+0.952
1531757220,+3.54,+18.424, +6.960,+0.952
1531757820,+3.54,+18.374, +7.049,+0.952
1531758420,+3.54,+18.357, +7.079,+0.952
1531759020,+3.54,+17.564, +6.995,+0.952
1531759620,+3.54,+17.013, +6.840,+0.952
1531760220,+3.54,+16.299, +6.464,+0.952
1531760820,+3.54,+15.821, +6.629,+0.954
1531761420,+3.54,+15.324, +6.607,+0.954
1531762020,+3.54,+15.453, +6.608,+0.954
1531762620,+3.54,+15.547, +6.578,+0.953
1531763220,+3.54,+15.187, +6.525,+0.954
1531763820,+3.54,+15.153, +6.564,+0.954
1531764420,+3.54,+15.453, +6.577,+0.954
1531765020,+3.54,+16.793, +6.905,+0.953
1531765620,+3.54,+15.573, +6.362,+0.952
