7450-863458
OS REV: 1.03 Sensor Cal: 1524169660
Time (sec),  BV (Volts),  T (deg C),  DO (mg/l),  Q ()
1529417460,+3.47, +5.014,+11.231,+0.979
1529418060,+3.47, +5.084,+11.253,+0.979
1529418660,+3.47, +5.024,+11.248,+0.979
1529419260,+3.47, +5.004,+11.229,+0.979
1529419860,+3.47, +5.044,+11.203,+0.979
1529420460,+3.47, +4.964,+11.233,+0.979
1529421060,+3.47, +5.004,+11.240,+0.978
1529421660,+3.47, +5.044,+11.232,+0.979
1529422260,+3.47, +5.074,+11.251,+0.978
1529422860,+3.47, +5.074,+11.240,+0.979
1529423460,+3.47, +5.034,+11.246,+0.979
1529424060,+3.47, +5.034,+11.247,+0.979
1529424660,+3.47, +5.024,+11.246,+0.979
1529425260,+3.47, +5.134,+11.221,+0.979
1529425860,+3.47, +5.134,+11.237,+0.978
1529426460,+3.47, +5.144,+11.240,+0.979
1529427060,+3.47, +5.104,+11.246,+0.978
1529427660,+3.47, +5.074,+11.258,+0.979
1529428260,+3.47, +5.124,+11.242,+0.979
1529428860,+3.47, +5.154,+11.233,+0.979
1529429460,+3.47, +5.064,+11.273,+0.979
1529430060,+3.47, +5.084,+11.270,+0.979
1529430660,+3.47, +5.134,+11.240,+0.979
1529431260,+3.47, +5.124,+11.253,+0.979
1529431860,+3.47, +5.124,+11.235,+0.978
1529432460,+3.47, +5.124,+11.249,+0.979
1529433060,+3.47, +5.174,+11.274,+0.979
1529433660,+3.47, +5.204,+11.263,+0.978
1529434260,+3.47, +5.184,+11.249,+0.978
1529434860,+3.47, +5.144,+11.286,+0.979
1529435460,+3.47, +5.174,+11.276,+0.979
1529436060,+3.47, +5.194,+11.255,+0.978
1529436660,+3.47, +5.174,+11.284,+0.979
1529437260,+3.47, +5.144,+11.304,+0.979
1529437860,+3.47, +5.184,+11.277,+0.979
1529438460,+3.47, +5.144,+11.278,+0.979
1529439060,+3.47, +5.214,+11.226,+0.978
1529439660,+3.47, +5.064,+11.304,+0.979
1529440260,+3.47, +5.134,+11.280,+0.979
1529440860,+3.47, +5.154,+11.251,+0.978
1529441460,+3.47, +5.124,+11.268,+0.979
1529442060,+3.47, +5.104,+11.256,+0.979
1529442660,+3.47, +5.074,+11.247,+0.979
1529443260,+3.47, +5.134,+11.191,+0.979
1529443860,+3.47, +5.104,+11.203,+0.979
1529444460,+3.47, +5.044,+11.208,+0.979
1529445060,+3.47, +5.004,+11.186,+0.979
1529445660,+3.47, +4.994,+11.158,+0.979
1529446260,+3.47, +5.024,+11.151,+0.979
1529446860,+3.47, +4.974,+11.162,+0.979
1529447460,+3.47, +4.944,+11.143,+0.979
1529448060,+3.47, +4.974,+11.133,+0.979
1529448660,+3.47, +5.004,+11.115,+0.979
1529449260,+3.47, +4.964,+11.126,+0.979
1529449860,+3.47, +4.994,+11.115,+0.979
1529450460,+3.47, +4.984,+11.129,+0.979
1529451060,+3.47, +5.004,+11.131,+0.979
1529451660,+3.47, +5.004,+11.149,+0.979
1529452260,+3.47, +5.014,+11.165,+0.979
1529452860,+3.47, +4.994,+11.189,+0.979
1529453460,+3.47, +5.064,+11.192,+0.979
1529454060,+3.47, +5.054,+11.208,+0.979
1529454660,+3.47, +5.064,+11.213,+0.979
1529455260,+3.47, +5.114,+11.182,+0.978
1529455860,+3.47, +5.064,+11.174,+0.979
1529456460,+3.47, +5.074,+11.185,+0.979
1529457060,+3.47, +5.114,+11.175,+0.979
1529457660,+3.47, +5.064,+11.195,+0.979
1529458260,+3.47, +5.074,+11.180,+0.979
1529458860,+3.47, +5.034,+11.182,+0.979
1529459460,+3.47, +5.044,+11.181,+0.979
1529460060,+3.47, +5.054,+11.172,+0.979
1529460660,+3.47, +5.024,+11.189,+0.979
1529461260,+3.47, +4.974,+11.160,+0.979
1529461860,+3.47, +5.044,+11.157,+0.978
1529462460,+3.47, +5.044,+11.173,+0.979
1529463060,+3.47, +5.004,+11.170,+0.979
1529463660,+3.47, +4.994,+11.176,+0.979
1529464260,+3.47, +4.974,+11.191,+0.979
1529464860,+3.47, +5.054,+11.150,+0.979
1529465460,+3.47, +5.024,+11.140,+0.979
1529466060,+3.47, +5.004,+11.142,+0.979
1529466660,+3.47, +4.924,+11.169,+0.979
1529467260,+3.47, +4.974,+11.126,+0.979
1529467860,+3.47, +4.934,+11.131,+0.979
1529468460,+3.47, +4.974,+11.114,+0.979
1529469060,+3.47, +4.894,+11.131,+0.979
1529469660,+3.47, +4.914,+11.147,+0.979
1529470260,+3.47, +4.904,+11.145,+0.979
1529470860,+3.47, +4.914,+11.145,+0.979
1529471460,+3.47, +4.984,+11.115,+0.979
1529472060,+3.47, +4.964,+11.134,+0.979
1529472660,+3.47, +4.994,+11.132,+0.979
1529473260,+3.47, +5.024,+11.113,+0.979
1529473860,+3.47, +4.984,+11.131,+0.979
1529474460,+3.47, +4.974,+11.129,+0.978
1529475060,+3.47, +4.955,+11.142,+0.979
1529475660,+3.47, +4.944,+11.124,+0.979
1529476260,+3.47, +5.004,+11.098,+0.979
1529476860,+3.47, +4.974,+11.134,+0.979
1529477460,+3.47, +4.974,+11.128,+0.979
1529478060,+3.47, +4.964,+11.114,+0.979
1529478660,+3.47, +4.924,+11.141,+0.979
1529479260,+3.47, +4.884,+11.140,+0.979
1529479860,+3.47, +4.904,+11.125,+0.979
1529480460,+3.47, +4.904,+11.109,+0.978
1529481060,+3.47, +4.894,+11.105,+0.978
1529481660,+3.47, +4.894,+11.120,+0.979
1529482260,+3.47, +4.904,+11.120,+0.979
1529482860,+3.47, +4.894,+11.123,+0.979
1529483460,+3.47, +4.874,+11.129,+0.979
1529484060,+3.47, +4.844,+11.132,+0.979
1529484660,+3.47, +4.914,+11.100,+0.979
1529485260,+3.47, +4.834,+11.132,+0.979
1529485860,+3.47, +4.884,+11.116,+0.979
1529486460,+3.47, +4.844,+11.145,+0.979
1529487060,+3.47, +4.894,+11.118,+0.979
1529487660,+3.47, +4.934,+11.098,+0.979
1529488260,+3.47, +4.884,+11.119,+0.979
1529488860,+3.47, +4.864,+11.137,+0.979
1529489460,+3.47, +4.874,+11.126,+0.979
1529490060,+3.47, +4.884,+11.110,+0.979
1529490660,+3.47, +4.854,+11.118,+0.979
1529491260,+3.47, +4.844,+11.113,+0.979
1529491860,+3.47, +4.814,+11.122,+0.979
1529492460,+3.47, +4.864,+11.095,+0.979
1529493060,+3.47, +4.824,+11.111,+0.979
1529493660,+3.47, +4.854,+11.090,+0.979
1529494260,+3.47, +4.844,+11.100,+0.979
1529494860,+3.47, +4.784,+11.121,+0.979
1529495460,+3.47, +4.824,+11.096,+0.979
1529496060,+3.47, +4.804,+11.107,+0.979
1529496660,+3.47, +4.804,+11.085,+0.979
1529497260,+3.47, +4.814,+11.075,+0.979
1529497860,+3.47, +4.854,+11.060,+0.979
1529498460,+3.47, +4.844,+11.037,+0.979
1529499060,+3.47, +4.814,+11.084,+0.979
1529499660,+3.47, +4.744,+11.118,+0.979
1529500260,+3.47, +4.814,+11.063,+0.979
1529500860,+3.47, +4.884,+11.032,+0.979
1529501460,+3.47, +4.734,+11.102,+0.979
1529502060,+3.47, +4.814,+11.084,+0.979
1529502660,+3.47, +4.824,+11.076,+0.979
1529503260,+3.47, +4.874,+11.093,+0.979
1529503860,+3.47, +4.804,+11.129,+0.979
