7450-863458
OS REV: 1.03 Sensor Cal: 1524169660
Time (sec),  BV (Volts),  T (deg C),  DO (mg/l),  Q ()
1533071460,+3.47, +5.432,+10.265,+0.979
1533072060,+3.47, +5.472,+10.252,+0.978
1533072660,+3.47, +5.512,+10.241,+0.978
1533073260,+3.47, +5.512,+10.254,+0.978
1533073860,+3.47, +5.541,+10.242,+0.978
1533074460,+3.47, +5.512,+10.260,+0.978
1533075060,+3.47, +5.521,+10.230,+0.978
1533075660,+3.47, +5.521,+10.234,+0.978
1533076260,+3.47, +5.521,+10.251,+0.978
1533076860,+3.47, +5.472,+10.245,+0.979
1533077460,+3.47, +5.472,+10.260,+0.978
1533078060,+3.47, +5.561,+10.217,+0.978
1533078660,+3.47, +5.571,+10.216,+0.978
1533079260,+3.47, +5.482,+10.234,+0.978
1533079860,+3.47, +5.442,+10.195,+0.978
1533080460,+3.47, +5.452,+10.193,+0.978
1533081060,+3.47, +5.521,+10.185,+0.978
1533081660,+3.47, +5.502,+10.189,+0.979
1533082260,+3.47, +5.422,+10.205,+0.978
1533082860,+3.47, +5.472,+10.182,+0.978
1533083460,+3.47, +5.422,+10.183,+0.979
1533084060,+3.47, +5.472,+10.155,+0.979
1533084660,+3.47, +5.482,+10.152,+0.979
1533085260,+3.47, +5.482,+10.138,+0.979
1533085860,+3.47, +5.462,+10.141,+0.978
1533086460,+3.47, +5.462,+10.255,+0.979
1533087060,+3.47, +5.502,+10.184,+0.978
1533087660,+3.47, +5.502,+10.192,+0.978
1533088260,+3.47, +5.482,+10.206,+0.978
1533088860,+3.47, +5.482,+10.212,+0.978
1533089460,+3.47, +5.462,+10.198,+0.979
1533090060,+3.47, +5.442,+10.138,+0.978
1533090660,+3.48, +5.412,+10.146,+0.978
1533091260,+3.47, +5.462,+10.175,+0.979
1533091860,+3.47, +5.422,+10.197,+0.978
1533092460,+3.47, +5.452,+10.163,+0.978
1533093060,+3.47, +5.452,+10.166,+0.978
1533093660,+3.48, +5.452,+10.142,+0.978
1533094260,+3.47, +5.452,+10.183,+0.978
1533094860,+3.47, +5.422,+10.196,+0.979
1533095460,+3.47, +5.492,+10.144,+0.978
1533096060,+3.47, +5.462,+10.110,+0.978
1533096660,+3.47, +5.432,+10.131,+0.978
1533097260,+3.47, +5.412,+10.129,+0.978
1533097860,+3.47, +5.412,+10.185,+0.978
1533098460,+3.47, +5.432,+10.208,+0.978
1533099060,+3.48, +5.472,+10.209,+0.978
1533099660,+3.47, +5.442,+10.210,+0.979
1533100260,+3.47, +5.412,+10.232,+0.978
1533100860,+3.47, +5.462,+10.205,+0.978
1533101460,+3.47, +5.412,+10.216,+0.979
1533102060,+3.47, +5.403,+10.211,+0.978
1533102660,+3.48, +5.403,+10.218,+0.979
1533103260,+3.47, +5.403,+10.205,+0.978
1533103860,+3.47, +5.373,+10.226,+0.979
1533104460,+3.47, +5.363,+10.266,+0.978
1533105060,+3.47, +5.492,+10.225,+0.978
1533105660,+3.47, +5.482,+10.224,+0.978
1533106260,+3.47, +5.452,+10.235,+0.978
1533106860,+3.47, +5.462,+10.225,+0.978
1533107460,+3.47, +5.442,+10.230,+0.979
1533108060,+3.47, +5.422,+10.231,+0.978
1533108660,+3.48, +5.472,+10.221,+0.978
1533109260,+3.47, +5.432,+10.264,+0.978
1533109860,+3.48, +5.442,+10.254,+0.978
1533110460,+3.47, +5.482,+10.230,+0.978
1533111060,+3.47, +5.502,+10.225,+0.978
1533111660,+3.47, +5.462,+10.253,+0.979
1533112260,+3.47, +5.403,+10.282,+0.979
1533112860,+3.47, +5.492,+10.243,+0.978
1533113460,+3.47, +5.541,+10.230,+0.978
1533114060,+3.48, +5.472,+10.262,+0.979
1533114660,+3.48, +5.432,+10.280,+0.978
1533115260,+3.48, +5.462,+10.266,+0.978
1533115860,+3.47, +5.422,+10.282,+0.978
1533116460,+3.47, +5.452,+10.263,+0.978
1533117060,+3.47, +5.422,+10.251,+0.979
1533117660,+3.47, +5.412,+10.210,+0.978
1533118260,+3.47, +5.432,+10.219,+0.978
1533118860,+3.47, +5.432,+10.228,+0.978
1533119460,+3.47, +5.452,+10.228,+0.978
1533120060,+3.47, +5.472,+10.214,+0.978
1533120660,+3.47, +5.432,+10.242,+0.979
1533121260,+3.47, +5.492,+10.236,+0.979
1533121860,+3.48, +5.432,+10.218,+0.978
1533122460,+3.47, +5.492,+10.227,+0.978
1533123060,+3.47, +5.462,+10.252,+0.979
1533123660,+3.48, +5.492,+10.201,+0.978
1533124260,+3.47, +5.462,+10.221,+0.978
1533124860,+3.47, +5.432,+10.234,+0.979
1533125460,+3.48, +5.482,+10.175,+0.978
1533126060,+3.48, +5.442,+10.146,+0.978
1533126660,+3.48, +5.492,+10.120,+0.978
1533127260,+3.48, +5.432,+10.217,+0.979
1533127860,+3.47, +5.452,+10.195,+0.978
1533128460,+3.47, +5.452,+10.178,+0.978
1533129060,+3.47, +5.462,+10.170,+0.979
1533129660,+3.48, +5.442,+10.169,+0.979
1533130260,+3.48, +5.462,+10.192,+0.978
1533130860,+3.47, +5.521,+10.181,+0.978
1533131460,+3.48, +5.462,+10.251,+0.979
1533132060,+3.47, +5.492,+10.247,+0.978
1533132660,+3.48, +5.512,+10.234,+0.978
1533133260,+3.48, +5.492,+10.251,+0.978
1533133860,+3.47, +5.462,+10.258,+0.979
1533134460,+3.47, +5.541,+10.264,+0.978
1533135060,+3.48, +5.512,+10.291,+0.978
1533135660,+3.47, +5.581,+10.264,+0.978
1533136260,+3.47, +5.551,+10.261,+0.978
1533136860,+3.48, +5.531,+10.262,+0.978
1533137460,+3.48, +5.492,+10.278,+0.979
1533138060,+3.48, +5.482,+10.296,+0.978
1533138660,+3.48, +5.541,+10.282,+0.979
1533139260,+3.48, +5.502,+10.321,+0.978
1533139860,+3.48, +5.531,+10.306,+0.978
1533140460,+3.48, +5.561,+10.300,+0.978
1533141060,+3.48, +5.492,+10.349,+0.978
1533141660,+3.47, +5.620,+10.351,+0.978
1533142260,+3.47, +5.591,+10.378,+0.978
1533142860,+3.48, +5.521,+10.426,+0.978
1533143460,+3.48, +5.541,+10.432,+0.978
1533144060,+3.48, +5.581,+10.382,+0.978
1533144660,+3.47, +5.571,+10.382,+0.978
1533145260,+3.48, +5.551,+10.351,+0.979
1533145860,+3.47, +5.521,+10.346,+0.978
1533146460,+3.48, +5.581,+10.289,+0.978
1533147060,+3.48, +5.531,+10.307,+0.978
1533147660,+3.48, +5.650,+10.257,+0.978
1533148260,+3.48, +5.561,+10.293,+0.978
1533148860,+3.48, +5.610,+10.286,+0.978
1533149460,+3.47, +5.561,+10.299,+0.978
1533150060,+3.47, +5.571,+10.303,+0.978
1533150660,+3.47, +5.591,+10.279,+0.978
1533151260,+3.48, +5.561,+10.226,+0.978
1533151860,+3.48, +5.541,+10.196,+0.978
1533152460,+3.48, +5.512,+10.281,+0.978
1533153060,+3.47, +5.482,+10.282,+0.978
1533153660,+3.47, +5.551,+10.259,+0.978
1533154260,+3.48, +5.571,+10.296,+0.978
1533154860,+3.48, +5.581,+10.316,+0.978
1533155460,+3.48, +5.541,+10.311,+0.979
1533156060,+3.48, +5.610,+10.325,+0.978
1533156660,+3.48, +5.581,+10.339,+0.978
1533157260,+3.48, +5.521,+10.297,+0.978
1533157860,+3.47, +5.502,+10.315,+0.978
