7450-541933
OS REV: 1.03 Sensor Cal: 1524164296
Time (sec),  BV (Volts),  T (deg C),  DO (mg/l),  Q ()
1529591700,+3.54,+17.452,+10.030,+1.010
1529592300,+3.54,+17.495,+10.009,+1.009
1529592900,+3.54,+17.495,+10.012,+1.009
1529593500,+3.54,+17.537,+10.005,+1.010
1529594100,+3.54,+17.588, +9.994,+1.010
1529594700,+3.54,+17.562,+10.007,+1.010
1529595300,+3.54,+17.579, +9.989,+1.009
1529595900,+3.54,+17.621, +9.990,+1.010
1529596500,+3.54,+17.562,+10.001,+1.010
1529597100,+3.54,+17.511,+10.005,+1.009
1529597700,+3.54,+17.579,+10.000,+1.009
1529598300,+3.54,+17.562,+10.016,+1.010
1529598900,+3.54,+17.604, +9.998,+1.010
1529599500,+3.54,+17.689, +9.983,+1.009
1529600100,+3.54,+17.782, +9.968,+1.009
1529600700,+3.54,+17.849, +9.967,+1.010
1529601300,+3.54,+17.900, +9.965,+1.010
1529601900,+3.54,+17.942, +9.951,+1.010
1529602500,+3.54,+17.849, +9.975,+1.010
1529603100,+3.54,+17.900, +9.966,+1.009
1529603700,+3.54,+17.900, +9.977,+1.010
1529604300,+3.54,+17.925, +9.970,+1.010
1529604900,+3.54,+17.993, +9.951,+1.010
1529605500,+3.54,+17.942, +9.975,+1.009
1529606100,+3.54,+17.984, +9.946,+1.009
1529606700,+3.54,+17.875, +9.990,+1.010
1529607300,+3.54,+17.883, +9.978,+1.009
1529607900,+3.54,+17.900, +9.961,+1.009
1529608500,+3.54,+17.883, +9.965,+1.009
1529609100,+3.54,+17.849, +9.994,+1.009
1529609700,+3.54,+17.900,+10.000,+1.010
1529610300,+3.54,+17.917, +9.998,+1.009
1529610900,+3.54,+17.950,+10.004,+1.010
1529611500,+3.54,+18.009,+10.001,+1.010
1529612100,+3.54,+18.136, +9.971,+1.009
1529612700,+3.54,+18.195, +9.980,+1.010
1529613300,+3.54,+18.279, +9.964,+1.010
1529613900,+3.54,+18.363, +9.944,+1.010
1529614500,+3.54,+18.380, +9.954,+1.010
1529615100,+3.54,+18.447, +9.939,+1.010
1529615700,+3.54,+18.498, +9.931,+1.010
1529616300,+3.54,+18.540, +9.914,+1.009
1529616900,+3.54,+18.473, +9.956,+1.010
1529617500,+3.54,+18.540, +9.929,+1.010
1529618100,+3.54,+18.523, +9.939,+1.010
1529618700,+3.54,+18.540, +9.930,+1.009
1529619300,+3.54,+18.523, +9.944,+1.010
1529619900,+3.54,+18.531, +9.933,+1.009
1529620500,+3.54,+18.540, +9.938,+1.010
1529621100,+3.54,+18.506, +9.955,+1.010
1529621700,+3.54,+18.573, +9.928,+1.009
1529622300,+3.54,+18.548, +9.941,+1.009
1529622900,+3.54,+18.548, +9.950,+1.010
1529623500,+3.54,+18.515, +9.963,+1.010
1529624100,+3.54,+18.531, +9.968,+1.010
1529624700,+3.54,+18.531, +9.965,+1.010
1529625300,+3.54,+18.565, +9.970,+1.010
1529625900,+3.54,+18.590, +9.964,+1.010
1529626500,+3.54,+18.615, +9.959,+1.010
1529627100,+3.54,+18.649, +9.949,+1.010
1529627700,+3.54,+18.649, +9.926,+1.009
1529628300,+3.54,+18.599, +9.947,+1.010
1529628900,+3.54,+18.573, +9.965,+1.010
1529629500,+3.54,+18.624, +9.946,+1.010
1529630100,+3.54,+18.565, +9.949,+1.010
1529630700,+3.54,+18.557, +9.947,+1.009
1529631300,+3.54,+18.582, +9.947,+1.010
1529631900,+3.54,+18.607, +9.939,+1.010
1529632500,+3.54,+18.548, +9.945,+1.010
1529633100,+3.54,+18.506, +9.949,+1.009
1529633700,+3.54,+18.473, +9.983,+1.010
1529634300,+3.54,+18.515, +9.948,+1.009
1529634900,+3.54,+18.548, +9.933,+1.009
1529635500,+3.54,+18.456, +9.964,+1.010
1529636100,+3.54,+18.422, +9.973,+1.010
1529636700,+3.54,+18.439, +9.966,+1.010
1529637300,+3.54,+18.430, +9.995,+1.011
1529637900,+3.54,+18.397, +9.973,+1.009
1529638500,+3.54,+18.439, +9.988,+1.010
1529639100,+3.54,+18.439, +9.974,+1.010
1529639700,+3.54,+18.430, +9.985,+1.010
1529640300,+3.54,+18.515, +9.976,+1.010
1529640900,+3.54,+18.447, +9.977,+1.010
1529641500,+3.54,+18.388, +9.981,+1.010
1529642100,+3.54,+18.388, +9.955,+1.010
1529642700,+3.54,+18.380, +9.943,+1.009
1529643300,+3.54,+18.321, +9.964,+1.010
1529643900,+3.54,+18.271, +9.967,+1.009
1529644500,+3.54,+18.153, +9.991,+1.010
1529645100,+3.54,+18.161, +9.991,+1.010
1529645700,+3.54,+18.161,+10.005,+1.010
1529646300,+3.54,+18.127, +9.995,+1.010
1529646900,+3.54,+18.077,+10.021,+1.010
1529647500,+3.54,+18.026,+10.035,+1.010
1529648100,+3.54,+18.077,+10.023,+1.010
1529648700,+3.54,+18.026,+10.026,+1.010
1529649300,+3.54,+18.068,+10.008,+1.010
1529649900,+3.54,+18.136, +9.977,+1.009
1529650500,+3.54,+18.060,+10.012,+1.010
1529651100,+3.54,+18.052,+10.004,+1.010
1529651700,+3.54,+18.119, +9.973,+1.010
1529652300,+3.54,+18.153, +9.990,+1.010
1529652900,+3.54,+18.212, +9.957,+1.010
1529653500,+3.54,+18.220, +9.952,+1.010
1529654100,+3.54,+18.220, +9.945,+1.010
1529654700,+3.54,+18.220, +9.949,+1.010
1529655300,+3.54,+18.271, +9.911,+1.010
1529655900,+3.54,+18.271, +9.907,+1.009
1529656500,+3.54,+18.279, +9.900,+1.009
1529657100,+3.54,+18.346, +9.863,+1.010
1529657700,+3.54,+18.271, +9.884,+1.010
1529658300,+3.54,+18.304, +9.886,+1.010
1529658900,+3.54,+18.304, +9.878,+1.010
1529659500,+3.54,+18.279, +9.879,+1.010
1529660100,+3.54,+18.254, +9.867,+1.010
1529660700,+3.54,+18.262, +9.878,+1.010
1529661300,+3.54,+18.195, +9.902,+1.010
1529661900,+3.54,+18.203, +9.900,+1.010
1529662500,+3.54,+18.262, +9.867,+1.010
1529663100,+3.54,+18.212, +9.895,+1.010
1529663700,+3.54,+18.245, +9.887,+1.010
1529664300,+3.54,+18.245, +9.886,+1.010
1529664900,+3.54,+18.220, +9.880,+1.010
1529665500,+3.54,+18.254, +9.877,+1.010
1529666100,+3.54,+18.228, +9.892,+1.010
1529666700,+3.54,+18.279, +9.878,+1.010
1529667300,+3.54,+18.228, +9.874,+1.009
1529667900,+3.54,+18.195, +9.889,+1.010
1529668500,+3.54,+18.237, +9.870,+1.009
1529669100,+3.54,+18.262, +9.872,+1.010
1529669700,+3.54,+18.178, +9.899,+1.010
1529670300,+3.54,+18.203, +9.888,+1.010
1529670900,+3.54,+18.212, +9.889,+1.010
1529671500,+3.54,+18.212, +9.878,+1.010
1529672100,+3.54,+18.119, +9.924,+1.010
1529672700,+3.54,+18.170, +9.884,+1.010
1529673300,+3.54,+18.170, +9.890,+1.010
1529673900,+3.54,+18.094, +9.908,+1.010
1529674500,+3.54,+18.060, +9.895,+1.010
1529675100,+3.54,+17.900,+10.019,+1.011
1529675700,+3.54,+18.001, +9.933,+1.010
1529676300,+3.54,+18.119, +9.894,+1.009
1529676900,+3.54,+17.959, +9.953,+1.009
1529677500,+3.54,+17.756,+10.091,+1.010
1529678100,+3.54,+17.756,+10.085,+1.010
