7450-541933
OS REV: 1.03 Sensor Cal: 1524164296
Time (sec),  BV (Volts),  T (deg C),  DO (mg/l),  Q ()
1531766700,+3.55,+21.253, +8.927,+1.012
1531767300,+3.55,+21.261, +8.919,+1.012
1531767900,+3.55,+21.345, +8.874,+1.011
1531768500,+3.55,+21.328, +8.873,+1.011
1531769100,+3.55,+21.387, +8.862,+1.012
1531769700,+3.55,+21.353, +8.848,+1.011
1531770300,+3.55,+21.303, +8.881,+1.011
1531770900,+3.55,+21.320, +8.900,+1.011
1531771500,+3.55,+21.312, +8.897,+1.011
1531772100,+3.55,+21.295, +8.912,+1.011
1531772700,+3.55,+21.312, +8.914,+1.011
1531773300,+3.55,+21.270, +8.920,+1.011
1531773900,+3.55,+21.278, +8.940,+1.011
1531774500,+3.55,+21.312, +8.960,+1.012
1531775100,+3.55,+21.287, +8.935,+1.011
1531775700,+3.55,+21.345, +8.921,+1.011
1531776300,+3.55,+21.303, +8.941,+1.011
1531776900,+3.55,+21.353, +8.920,+1.011
1531777500,+3.55,+21.278, +8.943,+1.011
1531778100,+3.55,+21.220, +8.944,+1.011
1531778700,+3.55,+21.261, +8.926,+1.011
1531779300,+3.55,+21.203, +8.935,+1.012
1531779900,+3.55,+21.220, +8.923,+1.011
1531780500,+3.55,+21.261, +8.902,+1.012
1531781100,+3.55,+21.270, +8.891,+1.011
1531781700,+3.55,+21.245, +8.886,+1.011
1531782300,+3.55,+21.228, +8.890,+1.011
1531782900,+3.55,+21.236, +8.909,+1.012
1531783500,+3.55,+21.220, +8.912,+1.011
1531784100,+3.55,+21.220, +8.906,+1.011
1531784700,+3.55,+21.270, +8.887,+1.011
1531785300,+3.55,+21.245, +8.867,+1.011
1531785900,+3.55,+21.270, +8.854,+1.010
1531786500,+3.55,+21.261, +8.855,+1.011
1531787100,+3.55,+21.312, +8.818,+1.012
1531787700,+3.55,+21.228, +8.838,+1.012
1531788300,+3.55,+21.211, +8.826,+1.011
1531788900,+3.55,+21.253, +8.810,+1.011
1531789500,+3.55,+21.236, +8.794,+1.011
1531790100,+3.55,+21.145, +8.815,+1.011
1531790700,+3.55,+21.228, +8.784,+1.011
1531791300,+3.55,+21.236, +8.777,+1.011
1531791900,+3.55,+21.228, +8.771,+1.011
1531792500,+3.55,+21.220, +8.733,+1.011
1531793100,+3.55,+21.195, +8.734,+1.011
1531793700,+3.55,+21.220, +8.716,+1.011
1531794300,+3.55,+21.170, +8.728,+1.011
1531794900,+3.55,+21.170, +8.810,+1.011
1531795500,+3.55,+21.170, +8.813,+1.011
1531796100,+3.55,+21.161, +8.802,+1.011
1531796700,+3.55,+21.111, +8.830,+1.011
1531797300,+3.55,+21.111, +8.819,+1.012
1531797900,+3.55,+21.094, +8.812,+1.012
1531798500,+3.55,+21.111, +8.796,+1.012
1531799100,+3.55,+21.119, +8.782,+1.012
1531799700,+3.55,+21.078, +8.754,+1.011
1531800300,+3.55,+21.036, +8.762,+1.012
1531800900,+3.55,+21.078, +8.722,+1.012
1531801500,+3.55,+21.036, +8.706,+1.011
1531802100,+3.55,+21.061, +8.674,+1.011
1531802700,+3.55,+21.061, +8.741,+1.012
1531803300,+3.55,+21.078, +8.741,+1.011
1531803900,+3.55,+21.011, +8.779,+1.012
1531804500,+3.55,+21.019, +8.799,+1.011
1531805100,+3.55,+21.053, +8.778,+1.011
1531805700,+3.55,+21.011, +8.792,+1.011
1531806300,+3.55,+21.044, +8.746,+1.011
1531806900,+3.55,+20.944, +8.752,+1.012
1531807500,+3.55,+20.944, +8.761,+1.011
1531808100,+3.55,+20.986, +8.728,+1.011
1531808700,+3.55,+20.944, +8.740,+1.012
1531809300,+3.55,+21.028, +8.698,+1.011
1531809900,+3.55,+20.961, +8.724,+1.012
1531810500,+3.55,+20.952, +8.699,+1.011
1531811100,+3.55,+20.911, +8.701,+1.011
1531811700,+3.55,+20.944, +8.702,+1.011
1531812300,+3.55,+20.886, +8.732,+1.011
1531812900,+3.55,+20.902, +8.749,+1.012
1531813500,+3.55,+20.936, +8.731,+1.011
1531814100,+3.55,+20.827, +8.739,+1.011
1531814700,+3.55,+20.877, +8.703,+1.011
1531815300,+3.55,+20.844, +8.715,+1.011
1531815900,+3.55,+20.877, +8.705,+1.011
1531816500,+3.55,+20.819, +8.712,+1.011
1531817100,+3.55,+20.810, +8.703,+1.011
1531817700,+3.55,+20.827, +8.657,+1.011
1531818300,+3.55,+20.760, +8.679,+1.011
1531818900,+3.55,+20.785, +8.668,+1.011
1531819500,+3.55,+20.802, +8.703,+1.011
1531820100,+3.55,+20.718, +8.723,+1.012
1531820700,+3.55,+20.760, +8.678,+1.011
1531821300,+3.55,+20.752, +8.661,+1.011
1531821900,+3.55,+20.727, +8.684,+1.011
1531822500,+3.55,+20.735, +8.673,+1.011
1531823100,+3.55,+20.743, +8.686,+1.011
1531823700,+3.55,+20.702, +8.699,+1.011
1531824300,+3.55,+20.677, +8.693,+1.011
1531824900,+3.55,+20.702, +8.698,+1.011
1531825500,+3.55,+20.693, +8.705,+1.012
1531826100,+3.55,+20.618, +8.700,+1.012
1531826700,+3.55,+20.651, +8.688,+1.011
1531827300,+3.55,+20.710, +8.685,+1.012
1531827900,+3.55,+20.610, +8.718,+1.011
1531828500,+3.55,+20.551, +8.743,+1.011
1531829100,+3.55,+20.618, +8.788,+1.011
1531829700,+3.55,+20.626, +8.772,+1.011
1531830300,+3.55,+20.526, +8.800,+1.012
1531830900,+3.55,+20.593, +8.721,+1.011
1531831500,+3.55,+20.593, +8.718,+1.012
1531832100,+3.55,+20.593, +8.688,+1.011
1531832700,+3.55,+20.560, +8.688,+1.011
1531833300,+3.55,+20.576, +8.736,+1.012
1531833900,+3.55,+20.610, +8.720,+1.011
1531834500,+3.55,+20.601, +8.727,+1.012
1531835100,+3.55,+20.585, +8.703,+1.011
1531835700,+3.55,+20.601, +8.678,+1.011
1531836300,+3.55,+20.635, +8.683,+1.011
1531836900,+3.55,+20.685, +8.683,+1.011
1531837500,+3.55,+20.635, +8.680,+1.012
1531838100,+3.55,+20.635, +8.685,+1.011
1531838700,+3.55,+20.635, +8.704,+1.011
1531839300,+3.55,+20.677, +8.677,+1.011
1531839900,+3.55,+20.685, +8.664,+1.011
1531840500,+3.55,+20.685, +8.645,+1.011
1531841100,+3.55,+20.752, +8.630,+1.012
1531841700,+3.55,+20.718, +8.634,+1.012
1531842300,+3.55,+20.769, +8.588,+1.011
1531842900,+3.55,+20.752, +8.599,+1.011
1531843500,+3.55,+20.760, +8.577,+1.011
1531844100,+3.55,+20.752, +8.548,+1.011
1531844700,+3.55,+20.777, +8.547,+1.011
1531845300,+3.55,+20.752, +8.560,+1.011
1531845900,+3.55,+20.785, +8.544,+1.011
1531846500,+3.55,+20.794, +8.532,+1.010
1531847100,+3.55,+20.802, +8.543,+1.011
1531847700,+3.55,+20.810, +8.536,+1.011
1531848300,+3.55,+20.919, +8.537,+1.011
1531848900,+3.55,+20.886, +8.549,+1.011
1531849500,+3.55,+20.844, +8.773,+1.012
1531850100,+3.55,+20.911, +8.769,+1.011
1531850700,+3.55,+20.852, +8.776,+1.011
1531851300,+3.55,+20.877, +8.822,+1.011
1531851900,+3.55,+20.835, +8.816,+1.011
1531852500,+3.55,+20.760, +8.789,+1.012
1531853100,+3.55,+20.860, +8.774,+1.011
