7450-813606
OS REV: 1.03 Sensor Cal: 1524168609
Time (sec),  BV (Volts),  T (deg C),  DO (mg/l),  Q ()
1533593760,+3.55,+20.409, +8.771,+1.155
1533594360,+3.55,+20.476, +8.754,+1.155
1533594960,+3.55,+20.359, +8.787,+1.155
1533595560,+3.55,+20.467, +8.771,+1.156
1533596160,+3.55,+20.467, +8.761,+1.155
1533596760,+3.55,+20.451, +8.768,+1.155
1533597360,+3.55,+20.442, +8.776,+1.155
1533597960,+3.55,+20.476, +8.760,+1.155
1533598560,+3.55,+20.392, +8.784,+1.155
1533599160,+3.55,+20.392, +8.788,+1.155
1533599760,+3.55,+20.400, +8.782,+1.155
1533600360,+3.55,+20.375, +8.793,+1.155
1533600960,+3.55,+20.375, +8.787,+1.155
1533601560,+3.55,+20.359, +8.792,+1.156
1533602160,+3.55,+20.400, +8.785,+1.155
1533602760,+3.55,+20.384, +8.789,+1.155
1533603360,+3.55,+20.367, +8.797,+1.155
1533603960,+3.55,+20.367, +8.790,+1.155
1533604560,+3.55,+20.359, +8.783,+1.155
1533605160,+3.55,+20.283, +8.799,+1.156
1533605760,+3.55,+20.342, +8.758,+1.155
1533606360,+3.55,+20.283, +8.763,+1.155
1533606960,+3.55,+20.275, +8.766,+1.156
1533607560,+3.55,+20.283, +8.750,+1.156
1533608160,+3.55,+20.216, +8.758,+1.156
1533608760,+3.55,+20.191, +8.769,+1.155
1533609360,+3.55,+20.174, +8.770,+1.156
1533609960,+3.55,+20.149, +8.778,+1.155
1533610560,+3.55,+20.149, +8.787,+1.156
1533611160,+3.55,+20.191, +8.791,+1.156
1533611760,+3.55,+20.157, +8.772,+1.156
1533612360,+3.55,+20.141, +8.791,+1.156
1533612960,+3.55,+20.124, +8.775,+1.156
1533613560,+3.55,+20.132, +8.759,+1.156
1533614160,+3.55,+20.141, +8.732,+1.155
1533614760,+3.55,+20.174, +8.731,+1.156
1533615360,+3.55,+20.132, +8.736,+1.156
1533615960,+3.55,+20.149, +8.715,+1.156
1533616560,+3.55,+20.141, +8.724,+1.156
1533617160,+3.55,+20.116, +8.715,+1.156
1533617760,+3.55,+20.124, +8.702,+1.156
1533618360,+3.55,+20.141, +8.665,+1.156
1533618960,+3.55,+20.149, +8.633,+1.156
1533619560,+3.55,+20.057, +8.655,+1.156
1533620160,+3.55,+20.099, +8.684,+1.156
1533620760,+3.55,+20.082, +8.656,+1.155
1533621360,+3.55,+20.065, +8.652,+1.156
1533621960,+3.55,+20.132, +8.673,+1.156
1533622560,+3.55,+20.057, +8.714,+1.156
1533623160,+3.55,+20.057, +8.725,+1.156
1533623760,+3.55,+20.057, +8.714,+1.156
1533624360,+3.55,+20.074, +8.688,+1.156
1533624960,+3.55,+20.032, +8.683,+1.156
1533625560,+3.55,+20.048, +8.678,+1.156
1533626160,+3.55,+20.057, +8.691,+1.157
1533626760,+3.55,+20.057, +8.686,+1.156
1533627360,+3.55,+20.074, +8.672,+1.156
1533627960,+3.55,+20.040, +8.685,+1.155
1533628560,+3.55,+20.032, +8.683,+1.157
1533629160,+3.55,+19.998, +8.684,+1.156
1533629760,+3.55,+19.990, +8.711,+1.156
1533630360,+3.55,+20.015, +8.686,+1.156
1533630960,+3.55,+20.023, +8.669,+1.156
1533631560,+3.55,+20.090, +8.647,+1.156
1533632160,+3.55,+20.040, +8.655,+1.156
1533632760,+3.55,+20.032, +8.659,+1.156
1533633360,+3.55,+20.023, +8.677,+1.156
1533633960,+3.55,+20.007, +8.686,+1.157
1533634560,+3.55,+20.057, +8.652,+1.156
1533635160,+3.55,+20.015, +8.646,+1.156
1533635760,+3.55,+20.007, +8.704,+1.156
1533636360,+3.55,+19.998, +8.683,+1.155
1533636960,+3.55,+20.023, +8.668,+1.156
1533637560,+3.55,+20.032, +8.643,+1.156
1533638160,+3.55,+20.007, +8.616,+1.155
1533638760,+3.55,+19.990, +8.656,+1.156
1533639360,+3.55,+19.965, +8.676,+1.156
1533639960,+3.55,+19.956, +8.661,+1.156
1533640560,+3.55,+19.981, +8.649,+1.156
1533641160,+3.55,+19.973, +8.649,+1.156
1533641760,+3.55,+19.990, +8.650,+1.156
1533642360,+3.55,+20.015, +8.645,+1.155
1533642960,+3.55,+19.973, +8.626,+1.156
1533643560,+3.55,+19.990, +8.649,+1.156
1533644160,+3.55,+19.973, +8.646,+1.156
1533644760,+3.55,+20.040, +8.617,+1.156
1533645360,+3.55,+19.990, +8.652,+1.156
1533645960,+3.55,+20.048, +8.642,+1.156
1533646560,+3.55,+20.065, +8.643,+1.156
1533647160,+3.55,+19.998, +8.643,+1.156
1533647760,+3.55,+20.015, +8.709,+1.156
1533648360,+3.55,+20.007, +8.735,+1.156
1533648960,+3.55,+20.032, +8.719,+1.155
1533649560,+3.55,+19.973, +8.748,+1.156
1533650160,+3.55,+20.023, +8.740,+1.156
1533650760,+3.55,+20.048, +8.740,+1.156
1533651360,+3.55,+20.090, +8.741,+1.156
1533651960,+3.55,+20.082, +8.742,+1.156
1533652560,+3.55,+20.124, +8.733,+1.156
1533653160,+3.55,+20.116, +8.711,+1.155
1533653760,+3.55,+20.157, +8.701,+1.155
1533654360,+3.55,+20.183, +8.705,+1.155
1533654960,+3.55,+20.149, +8.773,+1.156
1533655560,+3.55,+20.199, +8.785,+1.155
1533656160,+3.55,+20.308, +8.782,+1.155
1533656760,+3.55,+20.258, +8.794,+1.155
1533657360,+3.55,+20.291, +8.795,+1.155
1533657960,+3.55,+20.300, +8.796,+1.156
1533658560,+3.55,+20.300, +8.801,+1.155
1533659160,+3.55,+20.350, +8.788,+1.155
1533659760,+3.55,+20.367, +8.781,+1.155
1533660360,+3.55,+20.409, +8.794,+1.156
1533660960,+3.55,+20.434, +8.791,+1.155
1533661560,+3.55,+20.476, +8.790,+1.155
1533662160,+3.55,+20.601, +8.760,+1.155
1533662760,+3.55,+20.543, +8.783,+1.155
1533663360,+3.55,+20.576, +8.781,+1.155
1533663960,+3.55,+20.518, +8.790,+1.155
1533664560,+3.55,+20.560, +8.779,+1.155
1533665160,+3.55,+20.551, +8.778,+1.155
1533665760,+3.55,+20.568, +8.782,+1.155
1533666360,+3.55,+20.576, +8.797,+1.155
1533666960,+3.55,+20.643, +8.785,+1.155
1533667560,+3.55,+20.610, +8.793,+1.155
1533668160,+3.55,+20.660, +8.761,+1.154
1533668760,+3.55,+20.660, +8.773,+1.155
1533669360,+3.55,+20.685, +8.787,+1.156
1533669960,+3.55,+20.727, +8.785,+1.155
1533670560,+3.55,+20.727, +8.790,+1.155
1533671160,+3.55,+20.786, +8.783,+1.155
1533671760,+3.55,+20.819, +8.787,+1.155
1533672360,+3.55,+20.786, +8.786,+1.154
1533672960,+3.55,+20.794, +8.790,+1.155
1533673560,+3.55,+20.802, +8.790,+1.155
1533674160,+3.55,+20.844, +8.805,+1.156
1533674760,+3.55,+20.794, +8.823,+1.155
1533675360,+3.55,+20.827, +8.815,+1.155
1533675960,+3.55,+20.836, +8.800,+1.154
1533676560,+3.55,+20.819, +8.827,+1.155
1533677160,+3.55,+20.827, +8.833,+1.155
1533677760,+3.55,+20.894, +8.821,+1.155
1533678360,+3.55,+20.878, +8.834,+1.155
1533678960,+3.55,+20.878, +8.840,+1.154
1533679560,+3.55,+20.919, +8.835,+1.155
1533680160,+3.55,+20.919, +8.830,+1.155
