7450-813606
OS REV: 1.03 Sensor Cal: 1524168609
Time (sec),  BV (Volts),  T (deg C),  DO (mg/l),  Q ()
1528112760,+3.50, +6.792,+11.422,+1.127
1528113360,+3.50, +6.840,+11.410,+1.127
1528113960,+3.50, +6.869,+11.405,+1.127
1528114560,+3.50, +6.956,+11.382,+1.126
1528115160,+3.50, +6.956,+11.406,+1.126
1528115760,+3.50, +7.062,+11.394,+1.126
1528116360,+3.50, +7.024,+11.394,+1.126
1528116960,+3.50, +7.081,+11.372,+1.126
1528117560,+3.50, +7.091,+11.354,+1.126
1528118160,+3.50, +7.033,+11.387,+1.127
1528118760,+3.50, +7.033,+11.369,+1.127
1528119360,+3.50, +6.946,+11.407,+1.127
1528119960,+3.50, +6.898,+11.414,+1.126
1528120560,+3.50, +7.062,+11.381,+1.126
1528121160,+3.50, +7.091,+11.389,+1.127
1528121760,+3.50, +7.158,+11.391,+1.126
1528122360,+3.50, +7.206,+11.328,+1.126
1528122960,+3.50, +7.455,+11.329,+1.126
1528123560,+3.50, +7.264,+11.362,+1.126
1528124160,+3.50, +7.321,+11.359,+1.126
1528124760,+3.50, +7.369,+11.320,+1.126
1528125360,+3.50, +7.407,+11.322,+1.126
1528125960,+3.50, +7.369,+11.362,+1.127
1528126560,+3.50, +7.417,+11.328,+1.126
1528127160,+3.50, +7.550,+11.290,+1.126
1528127760,+3.50, +7.607,+11.355,+1.126
1528128360,+3.50, +7.817,+11.312,+1.126
1528128960,+3.50, +7.712,+11.277,+1.126
1528129560,+3.50, +7.703,+11.270,+1.126
1528130160,+3.50, +7.493,+11.369,+1.127
1528130760,+3.50, +7.598,+11.338,+1.127
1528131360,+3.50, +7.655,+11.286,+1.126
1528131960,+3.50, +7.769,+11.242,+1.126
1528132560,+3.50, +7.627,+11.344,+1.127
1528133160,+3.50, +7.674,+11.332,+1.126
1528133760,+3.50, +7.703,+11.292,+1.126
1528134360,+3.50, +7.845,+11.290,+1.126
1528134960,+3.50, +7.921,+11.258,+1.126
1528135560,+3.50, +7.930,+11.301,+1.126
1528136160,+3.50, +7.940,+11.274,+1.126
1528136760,+3.50, +7.959,+11.293,+1.126
1528137360,+3.50, +8.035,+11.297,+1.126
1528137960,+3.50, +8.044,+11.284,+1.126
1528138560,+3.50, +8.138,+11.293,+1.126
1528139160,+3.50, +8.270,+11.236,+1.126
1528139760,+3.50, +8.242,+11.240,+1.125
1528140360,+3.50, +8.289,+11.274,+1.126
1528140960,+3.50, +8.515,+11.229,+1.125
1528141560,+3.50, +8.580,+11.224,+1.125
1528142160,+3.50, +8.562,+11.223,+1.125
1528142760,+3.50, +8.618,+11.219,+1.126
1528143360,+3.50, +8.665,+11.215,+1.125
1528143960,+3.50, +8.758,+11.209,+1.126
1528144560,+3.50, +8.926,+11.116,+1.125
1528145160,+3.50, +8.861,+11.172,+1.125
1528145760,+3.50, +8.982,+11.155,+1.125
1528146360,+3.50, +9.066,+11.152,+1.125
1528146960,+3.50, +8.973,+11.171,+1.126
1528147560,+3.50, +9.038,+11.148,+1.125
1528148160,+3.50, +8.982,+11.177,+1.125
1528148760,+3.50, +8.991,+11.168,+1.125
1528149360,+3.50, +8.879,+11.185,+1.126
1528149960,+3.50, +8.833,+11.198,+1.126
1528150560,+3.50, +8.917,+11.168,+1.125
1528151160,+3.50, +8.954,+11.182,+1.125
1528151760,+3.50, +8.926,+11.151,+1.125
1528152360,+3.50, +9.056,+11.151,+1.125
1528152960,+3.50, +9.010,+11.172,+1.125
1528153560,+3.50, +9.084,+11.150,+1.125
1528154160,+3.50, +9.112,+11.143,+1.125
1528154760,+3.50, +9.131,+11.150,+1.126
1528155360,+3.50, +9.103,+11.160,+1.125
1528155960,+3.50, +9.214,+11.118,+1.125
1528156560,+3.50, +9.158,+11.138,+1.125
1528157160,+3.50, +9.158,+11.120,+1.125
1528157760,+3.50, +9.168,+11.144,+1.125
1528158360,+3.50, +9.233,+11.132,+1.125
1528158960,+3.50, +9.242,+11.121,+1.125
1528159560,+3.50, +9.307,+11.093,+1.125
1528160160,+3.50, +9.344,+11.090,+1.125
1528160760,+3.50, +9.335,+11.103,+1.125
1528161360,+3.50, +9.298,+11.112,+1.125
1528161960,+3.50, +9.353,+11.102,+1.125
1528162560,+3.50, +9.390,+11.075,+1.125
1528163160,+3.50, +9.353,+11.097,+1.125
1528163760,+3.50, +9.372,+11.078,+1.125
1528164360,+3.50, +9.316,+11.078,+1.125
1528164960,+3.50, +9.233,+11.103,+1.125
1528165560,+3.50, +9.242,+11.096,+1.126
1528166160,+3.50, +9.177,+11.088,+1.125
1528166760,+3.50, +9.242,+11.095,+1.125
1528167360,+3.50, +9.205,+11.088,+1.125
1528167960,+3.50, +9.131,+11.114,+1.126
1528168560,+3.50, +9.093,+11.101,+1.125
1528169160,+3.50, +9.112,+11.099,+1.126
1528169760,+3.50, +9.158,+11.076,+1.125
1528170360,+3.50, +9.112,+11.105,+1.126
1528170960,+3.50, +9.158,+11.096,+1.126
1528171560,+3.50, +9.168,+11.080,+1.125
1528172160,+3.50, +9.270,+11.061,+1.125
1528172760,+3.50, +9.372,+11.051,+1.125
1528173360,+3.50, +9.409,+11.049,+1.125
1528173960,+3.50, +9.482,+11.016,+1.125
1528174560,+3.50, +9.418,+11.040,+1.125
1528175160,+3.50, +9.446,+11.037,+1.126
1528175760,+3.50, +9.473,+11.009,+1.125
1528176360,+3.50, +9.409,+11.032,+1.125
1528176960,+3.50, +9.455,+11.010,+1.125
1528177560,+3.50, +9.538,+10.978,+1.125
1528178160,+3.50, +9.510,+11.006,+1.126
1528178760,+3.50, +9.565,+10.998,+1.125
1528179360,+3.50, +9.547,+10.984,+1.125
1528179960,+3.50, +9.575,+10.986,+1.125
1528180560,+3.50, +9.575,+10.980,+1.126
1528181160,+3.50, +9.602,+10.960,+1.125
1528181760,+3.50, +9.593,+10.949,+1.124
1528182360,+3.50, +9.612,+10.960,+1.125
1528182960,+3.50, +9.602,+10.960,+1.125
1528183560,+3.50, +9.630,+10.940,+1.125
1528184160,+3.50, +9.565,+10.964,+1.125
1528184760,+3.50, +9.639,+10.943,+1.125
1528185360,+3.50, +9.575,+10.953,+1.125
1528185960,+3.50, +9.621,+10.937,+1.126
1528186560,+3.50, +9.612,+10.931,+1.125
1528187160,+3.50, +9.630,+10.924,+1.125
1528187760,+3.50, +9.694,+10.908,+1.125
1528188360,+3.51, +9.704,+10.899,+1.125
1528188960,+3.50, +9.694,+10.900,+1.125
1528189560,+3.51, +9.621,+10.934,+1.126
1528190160,+3.50, +9.658,+10.901,+1.125
1528190760,+3.50, +9.621,+10.915,+1.125
1528191360,+3.51, +9.639,+10.905,+1.125
1528191960,+3.51, +9.667,+10.894,+1.125
1528192560,+3.50, +9.759,+10.859,+1.125
1528193160,+3.51, +9.759,+10.858,+1.125
1528193760,+3.51, +9.722,+10.872,+1.125
1528194360,+3.51, +9.704,+10.867,+1.125
1528194960,+3.51, +9.685,+10.877,+1.125
1528195560,+3.50, +9.648,+10.895,+1.125
1528196160,+3.51, +9.621,+10.917,+1.125
1528196760,+3.51, +9.667,+10.888,+1.125
1528197360,+3.51, +9.694,+10.885,+1.125
1528197960,+3.51, +9.667,+10.893,+1.125
1528198560,+3.51, +9.676,+10.890,+1.125
1528199160,+3.51, +9.694,+10.893,+1.126
