7450-506308
OS REV: 1.03 Sensor Cal: 1524170492
Time (sec),  BV (Volts),  T (deg C),  DO (mg/l),  Q ()
1533593400,+3.55,+21.497, +7.698,+1.023
1533594000,+3.55,+21.472, +7.723,+1.023
1533594600,+3.55,+21.530, +7.741,+1.023
1533595200,+3.55,+21.489, +7.757,+1.023
1533595800,+3.55,+21.480, +7.750,+1.023
1533596400,+3.55,+21.530, +7.770,+1.023
1533597000,+3.55,+21.597, +7.757,+1.023
1533597600,+3.55,+21.547, +7.758,+1.023
1533598200,+3.55,+21.614, +7.855,+1.022
1533598800,+3.55,+21.622, +7.757,+1.022
1533599400,+3.55,+21.547, +7.724,+1.022
1533600000,+3.55,+21.547, +7.731,+1.022
1533600600,+3.55,+21.547, +7.766,+1.023
1533601200,+3.55,+21.606, +7.803,+1.022
1533601800,+3.55,+21.564, +7.815,+1.022
1533602400,+3.55,+21.581, +7.658,+1.022
1533603000,+3.55,+21.522, +7.777,+1.023
1533603600,+3.55,+21.597, +7.650,+1.023
1533604200,+3.55,+21.539, +7.674,+1.023
1533604800,+3.55,+21.564, +7.692,+1.023
1533605400,+3.55,+21.505, +7.608,+1.023
1533606000,+3.55,+21.572, +7.531,+1.022
1533606600,+3.55,+21.539, +7.499,+1.023
1533607200,+3.55,+21.514, +7.561,+1.022
1533607800,+3.55,+21.438, +7.555,+1.023
1533608400,+3.55,+21.413, +7.551,+1.023
1533609000,+3.55,+21.505, +7.509,+1.023
1533609600,+3.55,+21.397, +7.504,+1.023
1533610200,+3.55,+21.413, +7.518,+1.023
1533610800,+3.55,+21.363, +7.541,+1.023
1533611400,+3.55,+21.372, +7.535,+1.023
1533612000,+3.55,+21.413, +7.500,+1.023
1533612600,+3.55,+21.438, +7.525,+1.022
1533613200,+3.55,+21.363, +7.543,+1.023
1533613800,+3.55,+21.413, +7.513,+1.023
1533614400,+3.55,+21.363, +7.475,+1.023
1533615000,+3.55,+21.355, +7.506,+1.023
1533615600,+3.55,+21.405, +7.486,+1.023
1533616200,+3.55,+21.363, +7.509,+1.023
1533616800,+3.55,+21.355, +7.484,+1.023
1533617400,+3.55,+21.338, +7.421,+1.023
1533618000,+3.55,+21.330, +7.385,+1.023
1533618600,+3.55,+21.330, +7.433,+1.023
1533619200,+3.55,+21.346, +7.398,+1.023
1533619800,+3.55,+21.296, +7.422,+1.023
1533620400,+3.55,+21.288, +7.464,+1.023
1533621000,+3.55,+21.346, +7.476,+1.023
1533621600,+3.55,+21.313, +7.496,+1.024
1533622200,+3.55,+21.246, +7.437,+1.024
1533622800,+3.55,+21.254, +7.493,+1.023
1533623400,+3.55,+21.296, +7.459,+1.023
1533624000,+3.55,+21.271, +7.450,+1.023
1533624600,+3.55,+21.263, +7.396,+1.023
1533625200,+3.55,+21.246, +7.346,+1.022
1533625800,+3.55,+21.162, +7.418,+1.023
1533626400,+3.55,+21.221, +7.401,+1.023
1533627000,+3.55,+21.188, +7.361,+1.023
1533627600,+3.55,+21.213, +7.409,+1.023
1533628200,+3.55,+21.229, +7.433,+1.023
1533628800,+3.55,+21.204, +7.393,+1.023
1533629400,+3.55,+21.179, +7.341,+1.024
1533630000,+3.55,+21.179, +7.354,+1.023
1533630600,+3.55,+21.162, +7.343,+1.023
1533631200,+3.55,+21.204, +7.295,+1.022
1533631800,+3.55,+21.179, +7.321,+1.024
1533632400,+3.55,+21.179, +7.349,+1.024
1533633000,+3.55,+21.154, +7.495,+1.023
1533633600,+3.55,+21.121, +7.427,+1.023
1533634200,+3.55,+21.162, +7.438,+1.023
1533634800,+3.55,+21.188, +7.489,+1.023
1533635400,+3.55,+21.129, +7.467,+1.023
1533636000,+3.55,+21.129, +7.463,+1.023
1533636600,+3.55,+21.146, +7.421,+1.023
1533637200,+3.55,+21.104, +7.496,+1.023
1533637800,+3.55,+21.146, +7.447,+1.023
1533638400,+3.55,+21.121, +7.394,+1.023
1533639000,+3.55,+21.146, +7.446,+1.023
1533639600,+3.55,+21.104, +7.390,+1.023
1533640200,+3.55,+21.112, +7.369,+1.023
1533640800,+3.55,+21.154, +7.314,+1.022
1533641400,+3.55,+21.121, +7.301,+1.023
1533642000,+3.55,+21.096, +7.412,+1.023
1533642600,+3.55,+21.104, +7.357,+1.023
1533643200,+3.55,+21.129, +7.403,+1.023
1533643800,+3.55,+21.154, +7.400,+1.024
1533644400,+3.55,+21.154, +7.332,+1.023
1533645000,+3.55,+21.121, +7.427,+1.023
1533645600,+3.55,+21.112, +7.360,+1.024
1533646200,+3.55,+21.071, +7.255,+1.023
1533646800,+3.55,+21.112, +7.329,+1.024
1533647400,+3.55,+21.096, +7.413,+1.023
1533648000,+3.55,+21.121, +7.377,+1.024
1533648600,+3.55,+21.146, +7.402,+1.023
1533649200,+3.55,+21.062, +7.431,+1.024
1533649800,+3.55,+21.104, +7.413,+1.024
1533650400,+3.55,+21.104, +7.407,+1.024
1533651000,+3.55,+21.104, +7.418,+1.023
1533651600,+3.55,+21.104, +7.421,+1.023
1533652200,+3.55,+21.096, +7.419,+1.024
1533652800,+3.55,+21.045, +7.413,+1.024
1533653400,+3.55,+21.096, +7.419,+1.023
1533654000,+3.55,+21.112, +7.400,+1.024
1533654600,+3.55,+21.096, +7.422,+1.024
1533655200,+3.55,+21.121, +7.476,+1.024
1533655800,+3.55,+21.087, +7.574,+1.023
1533656400,+3.55,+21.121, +7.613,+1.024
1533657000,+3.55,+21.162, +7.615,+1.024
1533657600,+3.55,+21.121, +7.668,+1.024
1533658200,+3.55,+21.146, +7.602,+1.024
1533658800,+3.55,+21.121, +7.552,+1.024
1533659400,+3.55,+21.137, +7.671,+1.024
1533660000,+3.55,+21.129, +7.627,+1.024
1533660600,+3.55,+21.179, +7.558,+1.024
1533661200,+3.55,+21.171, +7.533,+1.024
1533661800,+3.55,+21.188, +7.633,+1.023
1533662400,+3.55,+21.154, +7.570,+1.024
1533663000,+3.55,+21.179, +7.591,+1.024
1533663600,+3.55,+21.137, +7.666,+1.024
1533664200,+3.55,+21.154, +7.621,+1.023
1533664800,+3.55,+21.213, +7.608,+1.023
1533665400,+3.55,+21.171, +7.615,+1.024
1533666000,+3.55,+21.263, +7.646,+1.023
1533666600,+3.55,+21.204, +7.649,+1.023
1533667200,+3.55,+21.179, +7.735,+1.023
1533667800,+3.55,+21.196, +7.627,+1.023
1533668400,+3.55,+21.188, +7.734,+1.023
1533669000,+3.55,+21.246, +7.679,+1.023
1533669600,+3.55,+21.229, +7.655,+1.024
1533670200,+3.55,+21.254, +7.747,+1.024
1533670800,+3.55,+21.305, +7.780,+1.023
1533671400,+3.55,+21.497, +7.865,+1.023
1533672000,+3.55,+21.430, +7.867,+1.023
1533672600,+3.55,+21.388, +7.853,+1.023
1533673200,+3.55,+21.372, +7.848,+1.023
1533673800,+3.55,+21.656, +7.894,+1.023
1533674400,+3.55,+21.689, +7.891,+1.023
1533675000,+3.55,+21.572, +7.784,+1.023
1533675600,+3.55,+21.372, +7.830,+1.024
1533676200,+3.55,+21.229, +7.754,+1.023
1533676800,+3.55,+21.196, +7.820,+1.023
1533677400,+3.55,+21.280, +7.732,+1.023
1533678000,+3.55,+21.229, +7.791,+1.024
1533678600,+3.55,+21.229, +7.694,+1.023
1533679200,+3.55,+21.196, +7.704,+1.023
1533679800,+3.55,+21.196, +7.770,+1.023
