7450-506308
OS REV: 1.03 Sensor Cal: 1524170492
Time (sec),  BV (Volts),  T (deg C),  DO (mg/l),  Q ()
1535768400,+3.54,+19.790, +8.238,+1.031
1535769000,+3.54,+19.865, +8.301,+1.031
1535769600,+3.54,+19.832, +8.314,+1.031
1535770200,+3.54,+19.840, +8.306,+1.031
1535770800,+3.54,+19.815, +8.306,+1.031
1535771400,+3.54,+19.824, +8.302,+1.031
1535772000,+3.54,+19.824, +8.281,+1.031
1535772600,+3.54,+19.824, +8.302,+1.031
1535773200,+3.54,+19.857, +8.254,+1.031
1535773800,+3.54,+19.899, +8.256,+1.031
1535774400,+3.54,+19.832, +8.266,+1.031
1535775000,+3.54,+19.865, +8.240,+1.031
1535775600,+3.54,+19.840, +8.273,+1.031
1535776200,+3.54,+19.849, +8.505,+1.031
1535776800,+3.54,+19.874, +8.419,+1.031
1535777400,+3.54,+19.874, +8.378,+1.031
1535778000,+3.54,+19.907, +8.352,+1.031
1535778600,+3.54,+19.882, +8.338,+1.031
1535779200,+3.54,+19.899, +8.333,+1.032
1535779800,+3.54,+19.882, +8.377,+1.031
1535780400,+3.54,+19.874, +8.396,+1.031
1535781000,+3.54,+19.916, +8.390,+1.031
1535781600,+3.54,+19.907, +8.374,+1.031
1535782200,+3.54,+19.832, +8.386,+1.031
1535782800,+3.54,+19.891, +8.392,+1.031
1535783400,+3.54,+19.899, +8.398,+1.031
1535784000,+3.54,+19.865, +8.414,+1.031
1535784600,+3.54,+19.916, +8.469,+1.031
1535785200,+3.54,+19.815, +8.517,+1.032
1535785800,+3.54,+19.907, +8.411,+1.031
1535786400,+3.54,+19.932, +8.402,+1.031
1535787000,+3.54,+19.882, +8.348,+1.031
1535787600,+3.54,+19.874, +8.370,+1.031
1535788200,+3.54,+19.857, +8.364,+1.031
1535788800,+3.54,+19.824, +8.399,+1.031
1535789400,+3.54,+19.882, +8.450,+1.031
1535790000,+3.54,+19.815, +8.468,+1.031
1535790600,+3.54,+19.849, +8.415,+1.031
1535791200,+3.54,+19.857, +8.360,+1.031
1535791800,+3.54,+19.874, +8.338,+1.031
1535792400,+3.54,+19.899, +8.279,+1.031
1535793000,+3.54,+19.857, +8.258,+1.031
1535793600,+3.54,+19.849, +8.276,+1.031
1535794200,+3.54,+19.832, +8.322,+1.031
1535794800,+3.54,+19.840, +8.294,+1.031
1535795400,+3.54,+19.824, +8.285,+1.031
1535796000,+3.54,+19.899, +8.242,+1.031
1535796600,+3.54,+19.832, +8.212,+1.031
1535797200,+3.54,+19.899, +8.194,+1.031
1535797800,+3.54,+19.815, +8.234,+1.031
1535798400,+3.54,+19.832, +8.249,+1.031
1535799000,+3.54,+19.815, +8.266,+1.031
1535799600,+3.54,+19.773, +8.251,+1.031
1535800200,+3.54,+19.782, +8.255,+1.031
1535800800,+3.54,+19.824, +8.270,+1.031
1535801400,+3.54,+19.807, +8.263,+1.031
1535802000,+3.54,+19.832, +8.221,+1.031
1535802600,+3.54,+19.790, +8.167,+1.031
1535803200,+3.54,+19.773, +8.147,+1.031
1535803800,+3.54,+19.782, +8.120,+1.031
1535804400,+3.54,+19.815, +8.161,+1.030
1535805000,+3.54,+19.815, +8.150,+1.031
1535805600,+3.54,+19.782, +8.120,+1.031
1535806200,+3.54,+19.790, +8.159,+1.031
1535806800,+3.54,+19.798, +8.147,+1.031
1535807400,+3.54,+19.807, +8.173,+1.031
1535808000,+3.54,+19.815, +8.180,+1.031
1535808600,+3.54,+19.790, +8.170,+1.031
1535809200,+3.54,+19.824, +8.142,+1.031
1535809800,+3.54,+19.815, +8.164,+1.031
1535810400,+3.54,+19.765, +8.141,+1.031
1535811000,+3.54,+19.765, +8.146,+1.031
1535811600,+3.54,+19.773, +8.147,+1.031
1535812200,+3.54,+19.790, +8.145,+1.031
1535812800,+3.54,+19.782, +8.199,+1.031
1535813400,+3.54,+19.807, +8.179,+1.031
1535814000,+3.54,+19.782, +8.158,+1.031
1535814600,+3.54,+19.782, +8.109,+1.031
1535815200,+3.54,+19.756, +8.096,+1.031
1535815800,+3.54,+19.765, +8.209,+1.031
1535816400,+3.54,+19.765, +8.267,+1.032
1535817000,+3.54,+19.798, +8.306,+1.031
1535817600,+3.54,+19.798, +8.283,+1.031
1535818200,+3.54,+19.773, +8.331,+1.031
1535818800,+3.54,+19.773, +8.328,+1.031
1535819400,+3.54,+19.798, +8.314,+1.031
1535820000,+3.54,+19.790, +8.369,+1.031
1535820600,+3.54,+19.824, +8.361,+1.031
1535821200,+3.54,+19.874, +8.407,+1.031
1535821800,+3.54,+19.865, +8.344,+1.030
1535822400,+3.54,+19.916, +8.405,+1.031
1535823000,+3.54,+19.983, +8.495,+1.031
1535823600,+3.54,+19.991, +8.560,+1.031
1535824200,+3.54,+19.932, +8.541,+1.030
1535824800,+3.54,+19.949, +8.556,+1.031
1535825400,+3.54,+20.025, +8.575,+1.031
1535826000,+3.54,+19.966, +8.577,+1.031
1535826600,+3.54,+20.016, +8.609,+1.031
1535827200,+3.54,+19.958, +8.525,+1.031
1535827800,+3.54,+20.016, +8.552,+1.031
1535828400,+3.54,+19.924, +8.503,+1.031
1535829000,+3.54,+19.899, +8.455,+1.031
1535829600,+3.54,+19.932, +8.460,+1.031
1535830200,+3.54,+19.974, +8.410,+1.031
1535830800,+3.54,+19.916, +8.304,+1.030
1535831400,+3.54,+19.891, +8.363,+1.031
1535832000,+3.54,+19.949, +8.339,+1.031
1535832600,+3.54,+19.941, +8.306,+1.031
1535833200,+3.54,+19.891, +8.254,+1.031
1535833800,+3.54,+19.849, +8.352,+1.031
1535834400,+3.54,+19.857, +8.365,+1.031
1535835000,+3.54,+19.907, +8.360,+1.031
1535835600,+3.54,+19.882, +8.364,+1.031
1535836200,+3.54,+19.916, +8.376,+1.031
1535836800,+3.54,+19.924, +8.416,+1.030
1535837400,+3.54,+19.932, +8.362,+1.031
1535838000,+3.54,+19.907, +8.466,+1.031
1535838600,+3.54,+19.966, +8.530,+1.031
1535839200,+3.54,+19.924, +8.593,+1.031
1535839800,+3.54,+19.974, +8.643,+1.031
1535840400,+3.54,+19.916, +8.373,+1.031
1535841000,+3.54,+19.974, +8.389,+1.031
1535841600,+3.54,+19.849, +8.375,+1.031
1535842200,+3.54,+19.832, +8.379,+1.031
1535842800,+3.54,+19.832, +8.354,+1.031
1535843400,+3.54,+19.857, +8.358,+1.031
1535844000,+3.54,+19.949, +8.464,+1.031
1535844600,+3.54,+19.932, +8.413,+1.031
1535845200,+3.54,+19.949, +8.370,+1.031
1535845800,+3.54,+19.932, +8.354,+1.031
1535846400,+3.54,+19.983, +8.411,+1.031
1535847000,+3.54,+19.941, +8.373,+1.031
1535847600,+3.54,+19.899, +8.210,+1.031
1535848200,+3.54,+19.916, +8.349,+1.032
1535848800,+3.54,+20.033, +8.477,+1.031
1535849400,+3.54,+20.142, +8.614,+1.031
1535850000,+3.54,+20.167, +8.752,+1.031
1535850600,+3.54,+20.234, +8.708,+1.031
1535851200,+3.54,+20.259, +8.686,+1.031
1535851800,+3.54,+20.234, +8.711,+1.031
1535852400,+3.54,+20.167, +8.609,+1.031
1535853000,+3.54,+20.242, +8.694,+1.031
1535853600,+3.54,+20.226, +8.687,+1.031
1535854200,+3.54,+20.242, +8.629,+1.031
1535854800,+3.54,+20.209, +8.564,+1.030
