7450-668203
OS REV: 1.03 Sensor Cal: 1524163367
Time (sec),  BV (Volts),  T (deg C),  DO (mg/l),  Q ()
1534637520,+3.48, +6.557,+10.452,+0.989
1534638120,+3.48, +6.741,+10.418,+0.989
1534638720,+3.48, +6.702,+10.379,+0.989
1534639320,+3.48, +6.750,+10.423,+0.989
1534639920,+3.48, +6.731,+10.468,+0.989
1534640520,+3.48, +6.837,+10.437,+0.989
1534641120,+3.48, +6.789,+10.443,+0.989
1534641720,+3.48, +6.712,+10.390,+0.989
1534642320,+3.48, +6.741,+10.404,+0.989
1534642920,+3.48, +6.741,+10.414,+0.989
1534643520,+3.48, +6.760,+10.426,+0.989
1534644120,+3.48, +6.799,+10.415,+0.989
1534644720,+3.48, +6.741,+10.454,+0.989
1534645320,+3.48, +6.837,+10.416,+0.989
1534645920,+3.48, +6.721,+10.415,+0.989
1534646520,+3.48, +6.741,+10.394,+0.989
1534647120,+3.48, +6.731,+10.409,+0.989
1534647720,+3.48, +6.644,+10.405,+0.989
1534648320,+3.48, +6.663,+10.394,+0.989
1534648920,+3.48, +6.663,+10.359,+0.989
1534649520,+3.48, +6.683,+10.350,+0.989
1534650120,+3.48, +6.615,+10.329,+0.989
1534650720,+3.48, +6.673,+10.323,+0.989
1534651320,+3.48, +6.644,+10.325,+0.989
1534651920,+3.48, +6.654,+10.361,+0.989
1534652520,+3.48, +6.789,+10.374,+0.989
1534653120,+3.48, +6.654,+10.417,+0.989
1534653720,+3.48, +6.625,+10.384,+0.989
1534654320,+3.48, +6.625,+10.329,+0.989
1534654920,+3.48, +6.663,+10.355,+0.989
1534655520,+3.48, +6.683,+10.406,+0.989
1534656120,+3.48, +6.702,+10.371,+0.989
1534656720,+3.48, +6.683,+10.396,+0.989
1534657320,+3.48, +6.644,+10.424,+0.989
1534657920,+3.48, +6.625,+10.459,+0.989
1534658520,+3.48, +6.731,+10.459,+0.989
1534659120,+3.48, +6.924,+10.373,+0.988
1534659720,+3.48, +6.866,+10.385,+0.988
1534660320,+3.48, +6.895,+10.374,+0.989
1534660920,+3.48, +6.818,+10.436,+0.989
1534661520,+3.48, +6.741,+10.481,+0.989
1534662120,+3.48, +6.770,+10.452,+0.989
1534662720,+3.48, +6.857,+10.426,+0.989
1534663320,+3.48, +6.924,+10.420,+0.988
1534663920,+3.48, +6.934,+10.442,+0.989
1534664520,+3.48, +6.943,+10.427,+0.989
1534665120,+3.48, +6.914,+10.436,+0.989
1534665720,+3.48, +7.011,+10.385,+0.988
1534666320,+3.48, +6.982,+10.362,+0.988
1534666920,+3.48, +6.972,+10.368,+0.989
1534667520,+3.48, +6.934,+10.385,+0.989
1534668120,+3.48, +7.040,+10.288,+0.988
1534668720,+3.48, +6.943,+10.327,+0.989
1534669320,+3.48, +6.972,+10.301,+0.988
1534669920,+3.48, +7.020,+10.289,+0.989
1534670520,+3.48, +6.972,+10.309,+0.988
1534671120,+3.48, +7.049,+10.268,+0.989
1534671720,+3.48, +7.049,+10.264,+0.988
1534672320,+3.48, +7.020,+10.285,+0.988
1534672920,+3.48, +6.991,+10.319,+0.989
1534673520,+3.48, +7.088,+10.287,+0.988
1534674120,+3.48, +7.097,+10.296,+0.988
1534674720,+3.48, +7.049,+10.345,+0.989
1534675320,+3.48, +7.145,+10.310,+0.989
1534675920,+3.48, +7.155,+10.287,+0.988
1534676520,+3.48, +7.155,+10.268,+0.988
1534677120,+3.48, +7.164,+10.266,+0.989
1534677720,+3.48, +7.212,+10.250,+0.988
1534678320,+3.48, +7.193,+10.255,+0.988
1534678920,+3.48, +7.270,+10.245,+0.988
1534679520,+3.48, +7.289,+10.221,+0.988
1534680120,+3.48, +7.298,+10.259,+0.988
1534680720,+3.48, +7.318,+10.252,+0.988
1534681320,+3.48, +7.279,+10.254,+0.988
1534681920,+3.48, +7.251,+10.255,+0.988
1534682520,+3.48, +7.279,+10.254,+0.988
1534683120,+3.48, +7.251,+10.282,+0.988
1534683720,+3.48, +7.289,+10.276,+0.988
1534684320,+3.48, +7.298,+10.333,+0.988
1534684920,+3.48, +7.298,+10.325,+0.988
1534685520,+3.48, +7.356,+10.340,+0.988
1534686120,+3.48, +7.346,+10.319,+0.988
1534686720,+3.48, +7.346,+10.328,+0.988
1534687320,+3.48, +7.337,+10.313,+0.988
1534687920,+3.48, +7.251,+10.355,+0.988
1534688520,+3.48, +7.318,+10.360,+0.988
1534689120,+3.48, +7.327,+10.358,+0.988
1534689720,+3.48, +7.413,+10.317,+0.988
1534690320,+3.48, +7.384,+10.345,+0.988
1534690920,+3.48, +7.298,+10.363,+0.988
1534691520,+3.48, +7.318,+10.361,+0.988
1534692120,+3.48, +7.346,+10.357,+0.988
1534692720,+3.48, +7.413,+10.337,+0.988
1534693320,+3.48, +7.413,+10.329,+0.988
1534693920,+3.49, +7.413,+10.324,+0.988
1534694520,+3.48, +7.279,+10.388,+0.989
1534695120,+3.48, +7.365,+10.328,+0.988
1534695720,+3.48, +7.327,+10.341,+0.988
1534696320,+3.48, +7.327,+10.361,+0.988
1534696920,+3.48, +7.365,+10.347,+0.988
1534697520,+3.48, +7.365,+10.342,+0.988
1534698120,+3.48, +7.375,+10.352,+0.988
1534698720,+3.49, +7.356,+10.363,+0.988
1534699320,+3.49, +7.442,+10.374,+0.988
1534699920,+3.48, +7.489,+10.342,+0.988
1534700520,+3.48, +7.480,+10.337,+0.987
1534701120,+3.48, +7.394,+10.351,+0.988
1534701720,+3.48, +7.365,+10.360,+0.988
1534702320,+3.48, +7.327,+10.373,+0.988
1534702920,+3.48, +7.279,+10.376,+0.988
1534703520,+3.49, +7.423,+10.330,+0.988
1534704120,+3.48, +7.394,+10.341,+0.988
1534704720,+3.49, +7.346,+10.366,+0.988
1534705320,+3.49, +7.298,+10.358,+0.988
1534705920,+3.49, +7.279,+10.373,+0.988
1534706520,+3.49, +7.251,+10.383,+0.988
1534707120,+3.49, +7.241,+10.391,+0.988
1534707720,+3.49, +7.270,+10.391,+0.988
1534708320,+3.49, +7.260,+10.369,+0.988
1534708920,+3.49, +7.231,+10.388,+0.988
1534709520,+3.49, +7.222,+10.358,+0.989
1534710120,+3.48, +7.184,+10.382,+0.988
1534710720,+3.49, +7.164,+10.375,+0.988
1534711320,+3.49, +7.231,+10.372,+0.988
1534711920,+3.49, +7.203,+10.355,+0.988
1534712520,+3.49, +7.260,+10.365,+0.988
1534713120,+3.49, +7.222,+10.358,+0.988
1534713720,+3.49, +7.212,+10.351,+0.988
1534714320,+3.49, +7.107,+10.379,+0.988
1534714920,+3.49, +7.145,+10.337,+0.988
1534715520,+3.49, +7.049,+10.408,+0.989
1534716120,+3.49, +7.097,+10.372,+0.988
1534716720,+3.49, +7.155,+10.372,+0.989
1534717320,+3.49, +7.212,+10.339,+0.988
1534717920,+3.48, +7.155,+10.382,+0.989
1534718520,+3.49, +7.164,+10.377,+0.988
1534719120,+3.49, +7.260,+10.357,+0.988
1534719720,+3.49, +7.298,+10.335,+0.988
1534720320,+3.49, +7.184,+10.384,+0.988
1534720920,+3.49, +7.212,+10.356,+0.988
1534721520,+3.49, +7.193,+10.362,+0.988
1534722120,+3.49, +7.212,+10.352,+0.988
1534722720,+3.49, +7.193,+10.333,+0.989
1534723320,+3.49, +7.107,+10.323,+0.989
1534723920,+3.49, +7.164,+10.290,+0.988
