7450-668203
OS REV: 1.03 Sensor Cal: 1524163367
Time (sec),  BV (Volts),  T (deg C),  DO (mg/l),  Q ()
1532723520,+3.48, +6.924,+10.808,+0.989
1532724120,+3.48, +6.953,+10.796,+0.989
1532724720,+3.48, +7.001,+10.779,+0.988
1532725320,+3.48, +6.972,+10.790,+0.989
1532725920,+3.48, +6.982,+10.781,+0.988
1532726520,+3.48, +6.934,+10.824,+0.989
1532727120,+3.48, +6.982,+10.790,+0.988
1532727720,+3.48, +7.001,+10.782,+0.988
1532728320,+3.48, +6.924,+10.814,+0.989
1532728920,+3.48, +6.866,+10.825,+0.989
1532729520,+3.48, +6.914,+10.781,+0.989
1532730120,+3.48, +6.953,+10.763,+0.988
1532730720,+3.48, +6.866,+10.828,+0.989
1532731320,+3.48, +6.972,+10.777,+0.988
1532731920,+3.48, +6.953,+10.768,+0.989
1532732520,+3.48, +7.001,+10.754,+0.989
1532733120,+3.48, +6.972,+10.790,+0.988
1532733720,+3.48, +6.953,+10.775,+0.989
1532734320,+3.48, +7.001,+10.769,+0.989
1532734920,+3.48, +6.886,+10.772,+0.988
1532735520,+3.48, +6.828,+10.785,+0.989
1532736120,+3.48, +6.789,+10.748,+0.989
1532736720,+3.48, +6.702,+10.856,+0.989
1532737320,+3.48, +6.818,+10.774,+0.989
1532737920,+3.48, +6.808,+10.804,+0.989
1532738520,+3.48, +6.828,+10.796,+0.989
1532739120,+3.48, +6.779,+10.823,+0.989
1532739720,+3.48, +6.857,+10.765,+0.989
1532740320,+3.48, +6.750,+10.828,+0.989
1532740920,+3.48, +6.818,+10.740,+0.989
1532741520,+3.48, +6.750,+10.731,+0.989
1532742120,+3.48, +6.625,+10.801,+0.989
1532742720,+3.48, +6.634,+10.815,+0.989
1532743320,+3.48, +6.605,+10.815,+0.989
1532743920,+3.48, +6.634,+10.771,+0.989
1532744520,+3.48, +6.537,+10.623,+0.989
1532745120,+3.48, +6.537,+10.690,+0.989
1532745720,+3.48, +6.537,+10.693,+0.989
1532746320,+3.48, +6.479,+10.671,+0.989
1532746920,+3.48, +6.528,+10.667,+0.989
1532747520,+3.48, +6.547,+10.654,+0.989
1532748120,+3.48, +6.567,+10.685,+0.989
1532748720,+3.48, +6.567,+10.689,+0.989
1532749320,+3.48, +6.537,+10.660,+0.989
1532749920,+3.48, +6.469,+10.696,+0.990
1532750520,+3.48, +6.547,+10.731,+0.989
1532751120,+3.48, +6.547,+10.707,+0.989
1532751720,+3.48, +6.469,+10.714,+0.989
1532752320,+3.48, +6.499,+10.696,+0.989
1532752920,+3.48, +6.615,+10.731,+0.989
1532753520,+3.48, +6.634,+10.762,+0.989
1532754120,+3.48, +6.663,+10.731,+0.989
1532754720,+3.48, +6.673,+10.715,+0.989
1532755320,+3.48, +6.644,+10.726,+0.989
1532755920,+3.48, +6.625,+10.695,+0.989
1532756520,+3.48, +6.528,+10.727,+0.989
1532757120,+3.48, +6.615,+10.638,+0.989
1532757720,+3.48, +6.644,+10.736,+0.989
1532758320,+3.48, +6.692,+10.629,+0.989
1532758920,+3.48, +6.644,+10.677,+0.989
1532759520,+3.48, +6.721,+10.738,+0.989
1532760120,+3.48, +6.731,+10.735,+0.988
1532760720,+3.48, +6.741,+10.734,+0.989
1532761320,+3.48, +6.712,+10.758,+0.989
1532761920,+3.48, +6.683,+10.772,+0.989
1532762520,+3.48, +6.663,+10.784,+0.989
1532763120,+3.48, +6.808,+10.724,+0.989
1532763720,+3.48, +6.828,+10.737,+0.989
1532764320,+3.48, +6.770,+10.733,+0.989
1532764920,+3.48, +6.760,+10.728,+0.988
1532765520,+3.48, +6.731,+10.739,+0.989
1532766120,+3.48, +6.673,+10.760,+0.989
1532766720,+3.48, +6.683,+10.757,+0.989
1532767320,+3.48, +6.673,+10.760,+0.989
1532767920,+3.48, +6.683,+10.748,+0.989
1532768520,+3.48, +6.654,+10.770,+0.989
1532769120,+3.48, +6.663,+10.755,+0.989
1532769720,+3.48, +6.634,+10.758,+0.989
1532770320,+3.48, +6.663,+10.779,+0.989
1532770920,+3.48, +6.702,+10.758,+0.989
1532771520,+3.48, +6.760,+10.784,+0.989
1532772120,+3.48, +6.837,+10.758,+0.989
1532772720,+3.48, +6.779,+10.781,+0.989
1532773320,+3.48, +6.828,+10.750,+0.989
1532773920,+3.48, +6.770,+10.737,+0.989
1532774520,+3.48, +6.770,+10.733,+0.989
1532775120,+3.48, +6.750,+10.737,+0.989
1532775720,+3.48, +6.731,+10.731,+0.989
1532776320,+3.48, +6.731,+10.757,+0.989
1532776920,+3.48, +6.673,+10.767,+0.989
1532777520,+3.48, +6.663,+10.737,+0.989
1532778120,+3.48, +6.547,+10.774,+0.989
1532778720,+3.48, +6.605,+10.754,+0.989
1532779320,+3.48, +6.596,+10.773,+0.989
1532779920,+3.48, +6.605,+10.769,+0.989
1532780520,+3.48, +6.625,+10.762,+0.989
1532781120,+3.48, +6.567,+10.807,+0.989
1532781720,+3.48, +6.528,+10.800,+0.989
1532782320,+3.48, +6.479,+10.732,+0.989
1532782920,+3.48, +6.421,+10.731,+0.989
1532783520,+3.48, +6.469,+10.743,+0.989
1532784120,+3.48, +6.411,+10.742,+0.989
1532784720,+3.48, +6.460,+10.686,+0.989
1532785320,+3.48, +6.460,+10.662,+0.989
1532785920,+3.49, +6.469,+10.742,+0.989
1532786520,+3.48, +6.528,+10.775,+0.990
1532787120,+3.48, +6.576,+10.754,+0.989
1532787720,+3.48, +6.537,+10.759,+0.989
1532788320,+3.48, +6.518,+10.767,+0.989
1532788920,+3.48, +6.537,+10.728,+0.989
1532789520,+3.48, +6.450,+10.764,+0.989
1532790120,+3.48, +6.576,+10.718,+0.989
1532790720,+3.48, +6.537,+10.803,+0.990
1532791320,+3.48, +6.634,+10.790,+0.989
1532791920,+3.48, +6.625,+10.791,+0.989
1532792520,+3.48, +6.576,+10.797,+0.989
1532793120,+3.48, +6.644,+10.776,+0.989
1532793720,+3.48, +6.673,+10.762,+0.989
1532794320,+3.48, +6.625,+10.791,+0.989
1532794920,+3.48, +6.615,+10.778,+0.989
1532795520,+3.48, +6.537,+10.828,+0.989
1532796120,+3.48, +6.625,+10.753,+0.989
1532796720,+3.48, +6.547,+10.790,+0.989
1532797320,+3.48, +6.508,+10.760,+0.990
1532797920,+3.48, +6.479,+10.695,+0.990
1532798520,+3.48, +6.411,+10.693,+0.989
1532799120,+3.48, +6.528,+10.718,+0.989
1532799720,+3.48, +6.499,+10.789,+0.989
1532800320,+3.48, +6.450,+10.752,+0.990
1532800920,+3.48, +6.431,+10.790,+0.989
1532801520,+3.48, +6.547,+10.787,+0.989
1532802120,+3.48, +6.557,+10.787,+0.989
1532802720,+3.49, +6.692,+10.775,+0.989
1532803320,+3.48, +6.673,+10.791,+0.989
1532803920,+3.48, +6.741,+10.778,+0.989
1532804520,+3.49, +6.799,+10.721,+0.989
1532805120,+3.48, +6.857,+10.789,+0.989
1532805720,+3.48, +6.818,+10.798,+0.989
1532806320,+3.48, +6.789,+10.744,+0.989
1532806920,+3.48, +6.721,+10.755,+0.989
1532807520,+3.48, +6.789,+10.761,+0.989
1532808120,+3.49, +6.789,+10.752,+0.989
1532808720,+3.48, +6.799,+10.752,+0.989
1532809320,+3.48, +6.721,+10.749,+0.989
1532809920,+3.48, +6.663,+10.772,+0.989
