7450-668203
OS REV: 1.03 Sensor Cal: 1524163367
Time (sec),  BV (Volts),  T (deg C),  DO (mg/l),  Q ()
1531418520,+3.48, +6.167,+10.921,+0.989
1531419120,+3.48, +6.148,+10.915,+0.988
1531419720,+3.48, +6.148,+10.962,+0.989
1531420320,+3.48, +6.128,+10.922,+0.988
1531420920,+3.48, +6.207,+10.929,+0.988
1531421520,+3.48, +6.158,+10.933,+0.988
1531422120,+3.48, +6.207,+10.895,+0.988
1531422720,+3.48, +6.226,+10.918,+0.988
1531423320,+3.48, +6.197,+10.914,+0.988
1531423920,+3.48, +6.177,+10.904,+0.988
1531424520,+3.48, +6.226,+10.926,+0.988
1531425120,+3.48, +6.255,+10.954,+0.988
1531425720,+3.48, +6.255,+10.933,+0.988
1531426320,+3.48, +6.353,+10.929,+0.988
1531426920,+3.48, +6.508,+11.001,+0.988
1531427520,+3.48, +6.440,+10.938,+0.988
1531428120,+3.48, +6.537,+10.970,+0.988
1531428720,+3.48, +6.586,+10.950,+0.988
1531429320,+3.48, +6.499,+10.970,+0.988
1531429920,+3.48, +6.528,+10.945,+0.988
1531430520,+3.48, +6.421,+10.928,+0.988
1531431120,+3.48, +6.265,+10.911,+0.988
1531431720,+3.48, +6.275,+10.919,+0.988
1531432320,+3.48, +6.421,+10.935,+0.988
1531432920,+3.48, +6.411,+10.930,+0.988
1531433520,+3.48, +6.324,+10.936,+0.988
1531434120,+3.48, +6.343,+10.949,+0.988
1531434720,+3.48, +6.333,+10.973,+0.988
1531435320,+3.48, +6.353,+10.952,+0.988
1531435920,+3.48, +6.333,+10.960,+0.988
1531436520,+3.48, +6.343,+10.950,+0.988
1531437120,+3.48, +6.265,+10.952,+0.988
1531437720,+3.48, +6.255,+10.975,+0.988
1531438320,+3.48, +6.304,+10.967,+0.988
1531438920,+3.48, +6.304,+10.926,+0.988
1531439520,+3.48, +6.187,+10.958,+0.989
1531440120,+3.48, +6.236,+10.932,+0.988
1531440720,+3.48, +6.246,+10.955,+0.988
1531441320,+3.48, +6.236,+10.970,+0.988
1531441920,+3.48, +6.294,+10.985,+0.988
1531442520,+3.48, +6.382,+10.952,+0.988
1531443120,+3.48, +6.362,+10.943,+0.988
1531443720,+3.48, +6.353,+10.938,+0.988
1531444320,+3.48, +6.226,+10.953,+0.988
1531444920,+3.48, +6.314,+10.945,+0.988
1531445520,+3.48, +6.314,+10.937,+0.988
1531446120,+3.48, +6.216,+10.887,+0.988
1531446720,+3.48, +6.109,+10.926,+0.988
1531447320,+3.48, +6.158,+10.877,+0.988
1531447920,+3.48, +6.070,+10.918,+0.988
1531448520,+3.48, +6.099,+10.916,+0.989
1531449120,+3.48, +6.158,+10.902,+0.988
1531449720,+3.48, +6.148,+10.929,+0.989
1531450320,+3.48, +6.109,+10.915,+0.988
1531450920,+3.48, +6.021,+10.924,+0.988
1531451520,+3.48, +6.021,+10.892,+0.988
1531452120,+3.48, +6.089,+10.864,+0.988
1531452720,+3.48, +6.001,+10.910,+0.989
1531453320,+3.48, +6.070,+10.883,+0.988
1531453920,+3.48, +5.942,+10.946,+0.988
1531454520,+3.48, +5.923,+10.970,+0.989
1531455120,+3.48, +5.991,+10.878,+0.989
1531455720,+3.48, +6.050,+10.881,+0.989
1531456320,+3.48, +6.021,+10.873,+0.988
1531456920,+3.48, +6.050,+10.880,+0.988
1531457520,+3.48, +5.972,+10.988,+0.989
1531458120,+3.48, +6.011,+10.966,+0.988
1531458720,+3.48, +6.099,+10.952,+0.988
1531459320,+3.48, +6.246,+10.971,+0.988
1531459920,+3.48, +6.294,+10.988,+0.988
1531460520,+3.48, +6.353,+11.028,+0.987
1531461120,+3.48, +6.324,+11.042,+0.988
1531461720,+3.48, +6.353,+11.014,+0.988
1531462320,+3.48, +6.333,+11.009,+0.988
1531462920,+3.48, +6.255,+11.025,+0.988
1531463520,+3.48, +6.246,+11.010,+0.988
1531464120,+3.48, +6.275,+10.996,+0.988
1531464720,+3.48, +6.304,+10.984,+0.987
1531465320,+3.48, +6.119,+11.023,+0.988
1531465920,+3.48, +6.148,+11.020,+0.989
1531466520,+3.48, +6.177,+11.002,+0.988
1531467120,+3.48, +6.167,+10.975,+0.988
1531467720,+3.48, +6.177,+10.986,+0.988
1531468320,+3.48, +6.187,+10.988,+0.988
1531468920,+3.48, +6.187,+10.995,+0.988
1531469520,+3.48, +6.255,+10.985,+0.988
1531470120,+3.48, +6.197,+11.030,+0.988
1531470720,+3.48, +6.265,+11.041,+0.988
1531471320,+3.48, +6.324,+11.027,+0.988
1531471920,+3.48, +6.324,+11.024,+0.988
1531472520,+3.48, +6.382,+11.017,+0.987
1531473120,+3.48, +6.605,+11.007,+0.987
1531473720,+3.48, +6.634,+11.042,+0.987
1531474320,+3.48, +6.770,+11.026,+0.987
1531474920,+3.48, +6.818,+11.030,+0.987
1531475520,+3.48, +6.750,+10.994,+0.987
1531476120,+3.48, +6.654,+11.031,+0.987
1531476720,+3.48, +6.866,+11.006,+0.987
1531477320,+3.48, +6.914,+10.967,+0.986
1531477920,+3.48, +6.886,+11.028,+0.987
1531478520,+3.48, +7.030,+11.002,+0.987
1531479120,+3.48, +6.818,+11.011,+0.987
1531479720,+3.48, +6.750,+11.001,+0.987
1531480320,+3.48, +6.625,+11.030,+0.987
1531480920,+3.48, +6.537,+11.039,+0.988
1531481520,+3.48, +6.615,+10.999,+0.987
1531482120,+3.48, +6.634,+11.054,+0.988
1531482720,+3.48, +6.876,+11.029,+0.987
1531483320,+3.48, +6.895,+10.990,+0.987
1531483920,+3.48, +6.789,+10.991,+0.987
1531484520,+3.48, +6.557,+10.979,+0.987
1531485120,+3.48, +6.615,+10.960,+0.987
1531485720,+3.48, +6.615,+11.016,+0.987
1531486320,+3.48, +6.770,+10.985,+0.987
1531486920,+3.48, +6.828,+10.996,+0.987
1531487520,+3.48, +6.731,+10.968,+0.987
1531488120,+3.48, +6.866,+10.990,+0.987
1531488720,+3.48, +6.837,+11.016,+0.988
1531489320,+3.48, +6.818,+10.991,+0.987
1531489920,+3.48, +6.799,+10.986,+0.987
1531490520,+3.48, +6.943,+10.968,+0.987
1531491120,+3.48, +6.895,+10.954,+0.987
1531491720,+3.48, +6.876,+10.909,+0.987
1531492320,+3.48, +6.760,+10.976,+0.987
1531492920,+3.48, +6.934,+10.925,+0.987
1531493520,+3.48, +6.953,+10.950,+0.987
1531494120,+3.48, +6.914,+10.999,+0.987
1531494720,+3.48, +6.673,+10.998,+0.988
1531495320,+3.48, +6.991,+10.982,+0.987
1531495920,+3.48, +7.088,+10.963,+0.987
1531496520,+3.48, +7.078,+10.982,+0.987
1531497120,+3.48, +7.040,+10.955,+0.987
1531497720,+3.48, +6.943,+10.964,+0.987
1531498320,+3.48, +6.963,+10.963,+0.987
1531498920,+3.48, +7.078,+10.952,+0.987
1531499520,+3.48, +7.222,+10.973,+0.987
1531500120,+3.48, +7.203,+10.966,+0.987
1531500720,+3.48, +7.318,+11.028,+0.987
1531501320,+3.48, +7.279,+11.009,+0.987
1531501920,+3.48, +7.337,+11.029,+0.986
1531502520,+3.48, +7.356,+11.014,+0.987
1531503120,+3.48, +7.346,+10.987,+0.986
1531503720,+3.48, +7.212,+11.024,+0.987
1531504320,+3.48, +7.174,+10.936,+0.987
1531504920,+3.48, +7.001,+10.958,+0.987
