7450-668203
OS REV: 1.03 Sensor Cal: 1524163367
Time (sec),  BV (Volts),  T (deg C),  DO (mg/l),  Q ()
1530026520,+3.48, +6.324,+11.398,+0.988
1530027120,+3.48, +6.392,+11.384,+0.988
1530027720,+3.48, +6.294,+11.378,+0.988
1530028320,+3.48, +6.294,+11.352,+0.988
1530028920,+3.48, +6.314,+11.377,+0.988
1530029520,+3.48, +6.343,+11.346,+0.988
1530030120,+3.48, +6.285,+11.341,+0.988
1530030720,+3.48, +6.411,+11.317,+0.988
1530031320,+3.48, +6.294,+11.343,+0.988
1530031920,+3.48, +6.275,+11.379,+0.989
1530032520,+3.48, +6.255,+11.310,+0.988
1530033120,+3.48, +6.079,+11.348,+0.988
1530033720,+3.48, +6.050,+11.271,+0.988
1530034320,+3.48, +5.952,+11.256,+0.988
1530034920,+3.48, +5.893,+11.277,+0.989
1530035520,+3.48, +5.795,+11.257,+0.989
1530036120,+3.48, +5.854,+11.196,+0.988
1530036720,+3.48, +5.805,+11.218,+0.989
1530037320,+3.48, +5.726,+11.227,+0.988
1530037920,+3.48, +5.716,+11.205,+0.989
1530038520,+3.48, +5.647,+11.220,+0.989
1530039120,+3.48, +5.726,+11.190,+0.989
1530039720,+3.48, +5.637,+11.209,+0.989
1530040320,+3.48, +5.667,+11.220,+0.989
1530040920,+3.48, +5.765,+11.187,+0.989
1530041520,+3.48, +5.755,+11.198,+0.988
1530042120,+3.48, +5.746,+11.209,+0.989
1530042720,+3.48, +5.696,+11.215,+0.988
1530043320,+3.48, +5.657,+11.229,+0.989
1530043920,+3.48, +5.706,+11.271,+0.989
1530044520,+3.48, +5.795,+11.221,+0.988
1530045120,+3.48, +5.746,+11.298,+0.989
1530045720,+3.48, +5.795,+11.289,+0.989
1530046320,+3.48, +5.824,+11.301,+0.989
1530046920,+3.48, +5.824,+11.316,+0.989
1530047520,+3.48, +5.893,+11.307,+0.988
1530048120,+3.48, +5.854,+11.347,+0.989
1530048720,+3.48, +5.903,+11.324,+0.989
1530049320,+3.48, +5.952,+11.309,+0.989
1530049920,+3.48, +5.932,+11.289,+0.989
1530050520,+3.48, +5.893,+11.303,+0.988
1530051120,+3.48, +5.932,+11.287,+0.989
1530051720,+3.48, +5.874,+11.314,+0.989
1530052320,+3.48, +5.913,+11.281,+0.989
1530052920,+3.48, +5.952,+11.259,+0.989
1530053520,+3.48, +5.854,+11.313,+0.989
1530054120,+3.48, +5.834,+11.305,+0.988
1530054720,+3.48, +5.952,+11.272,+0.989
1530055320,+3.48, +5.874,+11.309,+0.988
1530055920,+3.48, +5.883,+11.289,+0.988
1530056520,+3.48, +5.893,+11.283,+0.988
1530057120,+3.48, +5.815,+11.340,+0.989
1530057720,+3.48, +5.844,+11.313,+0.988
1530058320,+3.48, +5.824,+11.316,+0.989
1530058920,+3.48, +5.854,+11.291,+0.988
1530059520,+3.48, +5.805,+11.308,+0.989
1530060120,+3.48, +5.815,+11.289,+0.989
1530060720,+3.48, +5.726,+11.310,+0.989
1530061320,+3.48, +5.755,+11.304,+0.989
1530061920,+3.48, +5.795,+11.316,+0.988
1530062520,+3.48, +5.815,+11.319,+0.988
1530063120,+3.48, +5.883,+11.288,+0.988
1530063720,+3.48, +5.913,+11.298,+0.988
1530064320,+3.48, +5.893,+11.312,+0.988
1530064920,+3.48, +5.854,+11.308,+0.988
1530065520,+3.48, +5.844,+11.309,+0.988
1530066120,+3.48, +5.824,+11.315,+0.988
1530066720,+3.48, +5.942,+11.337,+0.989
1530067320,+3.48, +5.942,+11.315,+0.988
1530067920,+3.48, +5.864,+11.307,+0.988
1530068520,+3.48, +5.923,+11.312,+0.989
1530069120,+3.48, +5.834,+11.308,+0.989
1530069720,+3.48, +5.854,+11.303,+0.988
1530070320,+3.48, +5.874,+11.281,+0.988
1530070920,+3.48, +5.775,+11.337,+0.989
1530071520,+3.48, +5.805,+11.316,+0.989
1530072120,+3.48, +5.864,+11.282,+0.989
1530072720,+3.48, +5.815,+11.291,+0.989
1530073320,+3.48, +5.932,+11.252,+0.988
1530073920,+3.48, +5.903,+11.274,+0.988
1530074520,+3.48, +5.923,+11.256,+0.988
1530075120,+3.48, +5.913,+11.266,+0.988
1530075720,+3.48, +5.864,+11.296,+0.989
1530076320,+3.48, +5.903,+11.279,+0.989
1530076920,+3.48, +5.893,+11.275,+0.988
1530077520,+3.48, +5.874,+11.279,+0.989
1530078120,+3.48, +5.854,+11.278,+0.988
1530078720,+3.48, +5.883,+11.283,+0.989
1530079320,+3.48, +5.932,+11.304,+0.989
1530079920,+3.48, +5.952,+11.276,+0.989
1530080520,+3.48, +5.991,+11.267,+0.989
1530081120,+3.48, +6.070,+11.222,+0.988
1530081720,+3.48, +5.923,+11.262,+0.988
1530082320,+3.48, +6.001,+11.235,+0.988
1530082920,+3.48, +5.883,+11.279,+0.988
1530083520,+3.48, +5.942,+11.294,+0.988
1530084120,+3.48, +5.952,+11.282,+0.989
1530084720,+3.48, +5.962,+11.279,+0.988
1530085320,+3.48, +5.991,+11.254,+0.988
1530085920,+3.48, +6.011,+11.262,+0.988
1530086520,+3.48, +6.011,+11.257,+0.988
1530087120,+3.48, +5.932,+11.270,+0.989
1530087720,+3.48, +5.942,+11.237,+0.988
1530088320,+3.48, +5.932,+11.245,+0.988
1530088920,+3.48, +5.854,+11.300,+0.989
1530089520,+3.48, +5.883,+11.291,+0.988
1530090120,+3.48, +5.923,+11.273,+0.989
1530090720,+3.48, +5.932,+11.298,+0.989
1530091320,+3.48, +5.942,+11.299,+0.989
1530091920,+3.48, +6.030,+11.225,+0.988
1530092520,+3.48, +6.021,+11.233,+0.988
1530093120,+3.48, +6.099,+11.204,+0.988
1530093720,+3.48, +6.158,+11.216,+0.988
1530094320,+3.48, +6.079,+11.210,+0.988
1530094920,+3.48, +6.089,+11.190,+0.988
1530095520,+3.48, +6.138,+11.235,+0.989
1530096120,+3.48, +6.255,+11.171,+0.987
1530096720,+3.48, +6.011,+11.286,+0.989
1530097320,+3.48, +6.099,+11.228,+0.988
1530097920,+3.48, +6.226,+11.219,+0.988
1530098520,+3.48, +6.236,+11.212,+0.988
1530099120,+3.48, +6.177,+11.248,+0.988
1530099720,+3.48, +6.216,+11.249,+0.988
1530100320,+3.48, +6.255,+11.238,+0.988
1530100920,+3.48, +6.079,+11.269,+0.988
1530101520,+3.48, +6.050,+11.292,+0.988
1530102120,+3.48, +6.011,+11.302,+0.989
1530102720,+3.48, +6.030,+11.297,+0.989
1530103320,+3.48, +6.070,+11.273,+0.988
1530103920,+3.48, +6.148,+11.261,+0.988
1530104520,+3.48, +6.158,+11.220,+0.988
1530105120,+3.48, +6.089,+11.277,+0.989
1530105720,+3.48, +6.050,+11.262,+0.988
1530106320,+3.48, +6.138,+11.217,+0.988
1530106920,+3.48, +6.079,+11.261,+0.988
1530107520,+3.48, +6.246,+11.214,+0.988
1530108120,+3.48, +6.109,+11.263,+0.988
1530108720,+3.48, +6.167,+11.238,+0.988
1530109320,+3.48, +6.167,+11.276,+0.988
1530109920,+3.48, +6.275,+11.273,+0.988
1530110520,+3.48, +6.158,+11.317,+0.988
1530111120,+3.48, +6.148,+11.340,+0.989
1530111720,+3.48, +6.236,+11.301,+0.988
1530112320,+3.48, +6.255,+11.288,+0.988
1530112920,+3.48, +6.246,+11.235,+0.988
