7450-855854
OS REV: 1.03 Sensor Cal: 1524164355
Time (sec),  BV (Volts),  T (deg C),  DO (mg/l),  Q ()
1532375280,+3.52,+13.304, +3.457,+1.025
1532375880,+3.52,+13.497, +3.659,+1.025
1532376480,+3.52,+13.427, +3.602,+1.025
1532377080,+3.52,+13.243, +3.344,+1.025
1532377680,+3.52,+13.120, +3.268,+1.025
1532378280,+3.52,+12.873, +2.841,+1.026
1532378880,+3.52,+12.714, +2.515,+1.026
1532379480,+3.52,+12.644, +2.175,+1.026
1532380080,+3.52,+12.812, +3.060,+1.026
1532380680,+3.52,+13.269, +3.588,+1.025
1532381280,+3.52,+13.261, +3.457,+1.025
1532381880,+3.52,+13.383, +3.696,+1.025
1532382480,+3.52,+13.646, +3.880,+1.025
1532383080,+3.52,+13.829, +3.936,+1.024
1532383680,+3.52,+13.296, +3.435,+1.025
1532384280,+3.52,+12.829, +2.462,+1.026
1532384880,+3.52,+12.759, +2.425,+1.026
1532385480,+3.52,+12.970, +3.337,+1.025
1532386080,+3.52,+13.014, +3.214,+1.025
1532386680,+3.52,+12.608, +1.652,+1.025
1532387280,+3.52,+12.917, +2.652,+1.026
1532387880,+3.52,+12.546, +1.640,+1.024
1532388480,+3.52,+12.369, +1.198,+1.023
1532389080,+3.52,+12.555, +1.992,+1.026
1532389680,+3.52,+12.626, +1.977,+1.026
1532390280,+3.52,+12.803, +2.531,+1.026
1532390880,+3.52,+12.900, +3.075,+1.026
1532391480,+3.52,+12.882, +2.880,+1.026
1532392080,+3.52,+12.944, +3.000,+1.026
1532392680,+3.52,+12.652, +1.986,+1.025
1532393280,+3.52,+12.617, +1.922,+1.025
1532393880,+3.52,+12.573, +1.805,+1.025
1532394480,+3.52,+12.608, +1.962,+1.025
1532395080,+3.52,+12.829, +2.401,+1.026
1532395680,+3.52,+13.217, +3.228,+1.025
1532396280,+3.52,+13.111, +3.082,+1.026
1532396880,+3.52,+13.041, +3.013,+1.026
1532397480,+3.52,+13.014, +3.073,+1.026
1532398080,+3.52,+13.120, +3.057,+1.026
1532398680,+3.52,+12.970, +2.914,+1.026
1532399280,+3.52,+13.252, +3.283,+1.025
1532399880,+3.52,+13.234, +3.424,+1.025
1532400480,+3.52,+13.252, +3.288,+1.025
1532401080,+3.52,+13.445, +3.577,+1.025
1532401680,+3.52,+13.340, +3.504,+1.025
1532402280,+3.52,+13.313, +3.494,+1.025
1532402880,+3.52,+13.208, +3.395,+1.025
1532403480,+3.52,+13.261, +3.278,+1.025
1532404080,+3.52,+13.094, +3.221,+1.025
1532404680,+3.52,+13.023, +3.055,+1.026
1532405280,+3.52,+13.085, +3.062,+1.026
1532405880,+3.52,+13.094, +3.098,+1.026
1532406480,+3.52,+13.102, +3.068,+1.026
1532407080,+3.52,+13.050, +3.080,+1.026
1532407680,+3.52,+12.900, +2.876,+1.026
1532408280,+3.52,+12.767, +2.306,+1.026
1532408880,+3.52,+12.644, +1.902,+1.025
1532409480,+3.52,+12.838, +2.607,+1.026
1532410080,+3.52,+12.926, +2.917,+1.026
1532410680,+3.52,+13.041, +2.985,+1.026
1532411280,+3.51,+13.269, +3.128,+1.025
1532411880,+3.52,+13.401, +3.159,+1.025
1532412480,+3.52,+13.585, +3.209,+1.025
1532413080,+3.52,+13.410, +3.242,+1.025
1532413680,+3.52,+13.524, +3.251,+1.025
1532414280,+3.52,+13.392, +3.206,+1.025
1532414880,+3.52,+13.208, +3.526,+1.025
1532415480,+3.52,+13.120, +3.570,+1.025
1532416080,+3.52,+12.891, +3.093,+1.026
1532416680,+3.52,+12.935, +3.224,+1.025
1532417280,+3.52,+12.856, +2.996,+1.026
1532417880,+3.52,+12.776, +2.641,+1.026
1532418480,+3.52,+13.023, +3.340,+1.026
1532419080,+3.52,+13.111, +3.198,+1.025
1532419680,+3.52,+13.331, +3.291,+1.025
1532420280,+3.52,+13.462, +3.295,+1.025
1532420880,+3.52,+13.366, +3.408,+1.025
1532421480,+3.52,+13.278, +3.346,+1.025
1532422080,+3.52,+13.313, +3.311,+1.025
1532422680,+3.52,+13.225, +3.297,+1.025
1532423280,+3.52,+13.164, +3.249,+1.025
1532423880,+3.52,+12.935, +2.865,+1.026
1532424480,+3.52,+12.997, +2.961,+1.026
1532425080,+3.52,+13.102, +3.201,+1.025
1532425680,+3.52,+12.961, +2.904,+1.026
1532426280,+3.52,+12.988, +3.028,+1.026
1532426880,+3.52,+12.970, +2.982,+1.026
1532427480,+3.52,+12.820, +2.513,+1.026
1532428080,+3.52,+12.909, +2.834,+1.026
1532428680,+3.52,+12.926, +2.760,+1.026
1532429280,+3.52,+12.953, +2.704,+1.026
1532429880,+3.52,+12.926, +2.852,+1.026
1532430480,+3.52,+12.935, +2.748,+1.026
1532431080,+3.52,+12.953, +2.849,+1.026
1532431680,+3.52,+13.023, +2.916,+1.026
1532432280,+3.52,+13.094, +3.040,+1.026
1532432880,+3.52,+13.050, +3.020,+1.026
1532433480,+3.52,+13.050, +2.954,+1.026
1532434080,+3.52,+13.164, +3.325,+1.025
1532434680,+3.52,+13.146, +3.322,+1.025
1532435280,+3.52,+13.225, +3.390,+1.025
1532435880,+3.52,+13.190, +3.300,+1.025
1532436480,+3.52,+13.067, +3.289,+1.025
1532437080,+3.52,+12.935, +2.958,+1.026
1532437680,+3.52,+13.058, +3.129,+1.026
1532438280,+3.52,+13.067, +3.089,+1.026
1532438880,+3.52,+12.917, +2.960,+1.026
1532439480,+3.51,+13.155, +3.195,+1.025
1532440080,+3.52,+13.375, +3.311,+1.025
1532440680,+3.52,+13.637, +3.671,+1.025
1532441280,+3.52,+13.497, +3.461,+1.025
1532441880,+3.52,+13.576, +3.668,+1.025
1532442480,+3.52,+13.655, +3.723,+1.025
1532443080,+3.52,+13.559, +3.574,+1.025
1532443680,+3.52,+13.532, +3.412,+1.025
1532444280,+3.52,+13.524, +3.432,+1.025
1532444880,+3.52,+13.489, +3.223,+1.025
1532445480,+3.52,+13.532, +3.222,+1.025
1532446080,+3.52,+13.453, +2.938,+1.026
1532446680,+3.52,+13.497, +2.752,+1.026
1532447280,+3.52,+13.524, +2.745,+1.026
1532447880,+3.52,+13.733, +3.329,+1.025
1532448480,+3.52,+13.847, +3.430,+1.025
1532449080,+3.52,+13.873, +3.427,+1.025
1532449680,+3.52,+13.995, +3.548,+1.025
1532450280,+3.52,+13.943, +3.433,+1.025
1532450880,+3.52,+13.821, +3.244,+1.025
1532451480,+3.52,+13.620, +2.761,+1.026
1532452080,+3.52,+13.471, +2.634,+1.026
1532452680,+3.52,+13.550, +2.787,+1.026
1532453280,+3.52,+13.383, +2.413,+1.026
1532453880,+3.52,+13.418, +2.606,+1.026
1532454480,+3.52,+13.515, +2.814,+1.026
1532455080,+3.52,+13.278, +2.410,+1.026
1532455680,+3.52,+13.164, +2.317,+1.026
1532456280,+3.52,+13.102, +2.219,+1.026
1532456880,+3.52,+13.050, +2.172,+1.026
1532457480,+3.52,+12.988, +1.905,+1.025
1532458080,+3.52,+12.864, +1.650,+1.025
1532458680,+3.52,+12.803, +1.618,+1.025
1532459280,+3.52,+12.953, +2.111,+1.026
1532459880,+3.52,+12.829, +1.622,+1.025
1532460480,+3.52,+12.979, +1.974,+1.026
1532461080,+3.52,+12.979, +1.849,+1.025
1532461680,+3.52,+12.926, +1.739,+1.025
