7450-855854
OS REV: 1.03 Sensor Cal: 1524164355
Time (sec),  BV (Volts),  T (deg C),  DO (mg/l),  Q ()
1531853280,+3.51,+12.829, +3.176,+1.025
1531853880,+3.51,+12.785, +3.054,+1.025
1531854480,+3.51,+12.785, +2.731,+1.025
1531855080,+3.51,+12.741, +2.359,+1.025
1531855680,+3.51,+12.679, +2.307,+1.025
1531856280,+3.51,+12.573, +2.536,+1.025
1531856880,+3.51,+12.608, +2.500,+1.026
1531857480,+3.51,+12.608, +2.274,+1.025
1531858080,+3.51,+12.573, +2.455,+1.025
1531858680,+3.51,+12.644, +2.277,+1.025
1531859280,+3.51,+12.661, +2.299,+1.025
1531859880,+3.51,+12.599, +2.276,+1.025
1531860480,+3.51,+12.617, +2.170,+1.025
1531861080,+3.51,+12.431, +2.190,+1.025
1531861680,+3.51,+12.387, +2.123,+1.025
1531862280,+3.51,+12.298, +2.118,+1.025
1531862880,+3.51,+12.360, +2.050,+1.025
1531863480,+3.51,+12.396, +2.095,+1.025
1531864080,+3.51,+12.511, +2.211,+1.025
1531864680,+3.51,+12.529, +2.430,+1.025
1531865280,+3.51,+12.688, +2.974,+1.026
1531865880,+3.51,+12.697, +2.907,+1.025
1531866480,+3.51,+12.732, +2.916,+1.026
1531867080,+3.51,+12.812, +2.897,+1.025
1531867680,+3.52,+12.431, +2.181,+1.025
1531868280,+3.51,+12.378, +2.318,+1.025
1531868880,+3.51,+12.706, +2.866,+1.025
1531869480,+3.51,+12.537, +2.170,+1.025
1531870080,+3.51,+12.280, +1.806,+1.024
1531870680,+3.51,+12.191, +1.697,+1.024
1531871280,+3.51,+12.262, +1.770,+1.024
1531871880,+3.51,+12.537, +2.239,+1.025
1531872480,+3.51,+12.289, +1.667,+1.024
1531873080,+3.51,+12.227, +1.570,+1.023
1531873680,+3.51,+12.245, +1.717,+1.024
1531874280,+3.51,+12.227, +1.739,+1.024
1531874880,+3.51,+12.493, +2.445,+1.026
1531875480,+3.51,+12.458, +2.023,+1.025
1531876080,+3.51,+12.182, +1.773,+1.024
1531876680,+3.51,+12.156, +1.600,+1.024
1531877280,+3.51,+12.165, +1.426,+1.023
1531877880,+3.51,+12.245, +1.760,+1.024
1531878480,+3.51,+12.484, +2.539,+1.026
1531879080,+3.51,+12.723, +3.079,+1.025
1531879680,+3.51,+13.006, +3.450,+1.025
1531880280,+3.51,+13.146, +3.655,+1.024
1531880880,+3.51,+13.190, +3.649,+1.024
1531881480,+3.51,+13.313, +4.061,+1.024
1531882080,+3.51,+13.146, +3.851,+1.024
1531882680,+3.51,+13.164, +3.889,+1.024
1531883280,+3.51,+13.348, +3.967,+1.024
1531883880,+3.51,+13.401, +4.132,+1.024
1531884480,+3.51,+13.418, +4.145,+1.024
1531885080,+3.51,+13.340, +4.092,+1.024
1531885680,+3.51,+13.646, +4.457,+1.024
1531886280,+3.51,+13.768, +4.549,+1.024
1531886880,+3.52,+13.777, +4.566,+1.023
1531887480,+3.52,+13.890, +4.603,+1.023
1531888080,+3.51,+13.690, +4.608,+1.023
1531888680,+3.52,+13.760, +4.753,+1.023
1531889280,+3.51,+13.917, +4.768,+1.023
1531889880,+3.51,+13.672, +4.513,+1.023
1531890480,+3.51,+13.497, +4.125,+1.024
1531891080,+3.51,+13.392, +4.569,+1.024
1531891680,+3.51,+13.366, +4.254,+1.024
1531892280,+3.51,+13.383, +4.350,+1.024
1531892880,+3.51,+13.410, +4.466,+1.024
1531893480,+3.51,+13.489, +4.468,+1.024
1531894080,+3.51,+13.620, +4.680,+1.023
1531894680,+3.52,+13.803, +4.735,+1.024
1531895280,+3.52,+13.925, +4.750,+1.024
1531895880,+3.52,+13.969, +5.057,+1.023
1531896480,+3.51,+14.056, +4.668,+1.023
1531897080,+3.51,+14.047, +4.572,+1.023
1531897680,+3.52,+13.199, +3.646,+1.024
1531898280,+3.52,+12.926, +3.085,+1.025
1531898880,+3.52,+13.041, +3.417,+1.024
1531899480,+3.52,+13.243, +3.755,+1.024
1531900080,+3.52,+13.261, +3.753,+1.024
1531900680,+3.51,+13.146, +3.505,+1.024
1531901280,+3.51,+13.076, +3.616,+1.024
1531901880,+3.51,+12.979, +3.324,+1.024
1531902480,+3.52,+13.067, +3.411,+1.024
1531903080,+3.52,+13.058, +3.437,+1.024
1531903680,+3.51,+13.129, +3.551,+1.025
1531904280,+3.51,+13.164, +3.417,+1.025
1531904880,+3.51,+13.392, +3.379,+1.024
1531905480,+3.51,+13.401, +3.402,+1.024
1531906080,+3.51,+13.261, +3.059,+1.025
1531906680,+3.52,+13.094, +2.681,+1.025
1531907280,+3.52,+12.706, +2.199,+1.025
1531907880,+3.52,+12.741, +2.251,+1.025
1531908480,+3.52,+12.803, +2.389,+1.025
1531909080,+3.52,+12.785, +2.511,+1.025
1531909680,+3.52,+12.917, +2.578,+1.025
1531910280,+3.52,+12.882, +2.784,+1.025
1531910880,+3.52,+12.909, +2.872,+1.025
1531911480,+3.52,+12.917, +3.006,+1.025
1531912080,+3.52,+12.988, +3.113,+1.025
1531912680,+3.52,+13.058, +3.244,+1.025
1531913280,+3.52,+13.111, +3.247,+1.025
1531913880,+3.52,+13.102, +3.279,+1.025
1531914480,+3.52,+13.041, +3.146,+1.025
1531915080,+3.52,+13.076, +3.195,+1.024
1531915680,+3.52,+13.050, +3.158,+1.025
1531916280,+3.52,+13.094, +3.262,+1.025
1531916880,+3.52,+13.129, +3.483,+1.025
1531917480,+3.51,+13.164, +3.445,+1.025
1531918080,+3.52,+13.120, +3.537,+1.025
1531918680,+3.52,+13.137, +3.638,+1.025
1531919280,+3.52,+13.234, +3.866,+1.025
1531919880,+3.51,+13.296, +4.040,+1.024
1531920480,+3.52,+13.418, +4.070,+1.024
1531921080,+3.52,+13.322, +3.908,+1.024
1531921680,+3.51,+13.340, +3.541,+1.025
1531922280,+3.52,+13.322, +3.806,+1.024
1531922880,+3.51,+13.313, +3.905,+1.024
1531923480,+3.52,+13.225, +3.927,+1.024
1531924080,+3.52,+13.208, +3.968,+1.024
1531924680,+3.52,+13.217, +3.915,+1.024
1531925280,+3.52,+13.243, +3.837,+1.024
1531925880,+3.52,+13.445, +4.019,+1.024
1531926480,+3.52,+13.506, +3.996,+1.024
1531927080,+3.52,+13.576, +3.962,+1.024
1531927680,+3.52,+13.480, +3.874,+1.024
1531928280,+3.52,+13.436, +3.760,+1.024
1531928880,+3.52,+13.453, +3.766,+1.024
1531929480,+3.52,+13.532, +3.911,+1.024
1531930080,+3.52,+13.585, +3.980,+1.024
1531930680,+3.52,+13.611, +4.079,+1.024
1531931280,+3.52,+13.532, +4.009,+1.024
1531931880,+3.52,+13.497, +3.832,+1.024
1531932480,+3.52,+13.524, +3.854,+1.024
1531933080,+3.52,+13.462, +3.853,+1.024
1531933680,+3.52,+13.506, +3.827,+1.024
1531934280,+3.52,+13.427, +3.809,+1.024
1531934880,+3.52,+13.410, +3.814,+1.024
1531935480,+3.52,+13.480, +3.879,+1.024
1531936080,+3.52,+13.313, +3.646,+1.024
1531936680,+3.52,+13.111, +3.562,+1.024
1531937280,+3.52,+13.006, +3.195,+1.025
1531937880,+3.52,+12.864, +2.617,+1.026
1531938480,+3.52,+12.864, +2.828,+1.025
1531939080,+3.52,+12.961, +3.150,+1.025
1531939680,+3.52,+12.917, +3.202,+1.025
