7450-855854
OS REV: 1.03 Sensor Cal: 1524164355
Time (sec),  BV (Volts),  T (deg C),  DO (mg/l),  Q ()
1529852280,+3.50,+10.945, +2.938,+1.020
1529852880,+3.51,+10.945, +3.200,+1.020
1529853480,+3.51,+11.062, +3.365,+1.019
1529854080,+3.50,+10.963, +3.141,+1.020
1529854680,+3.50,+11.134, +3.561,+1.019
1529855280,+3.50,+11.252, +3.886,+1.019
1529855880,+3.51,+10.990, +2.810,+1.020
1529856480,+3.50,+11.062, +3.477,+1.019
1529857080,+3.51,+11.053, +3.643,+1.019
1529857680,+3.51,+11.198, +3.428,+1.019
1529858280,+3.51,+11.360, +4.991,+1.018
1529858880,+3.51,+11.324, +4.854,+1.018
1529859480,+3.51,+11.044, +3.118,+1.019
1529860080,+3.51,+11.288, +4.661,+1.019
1529860680,+3.51,+11.557, +5.560,+1.018
1529861280,+3.51,+11.584, +5.257,+1.018
1529861880,+3.51,+11.566, +5.152,+1.018
1529862480,+3.51,+11.449, +4.558,+1.019
1529863080,+3.51,+11.548, +4.982,+1.018
1529863680,+3.51,+11.799, +5.228,+1.018
1529864280,+3.51,+11.548, +4.463,+1.018
1529864880,+3.51,+11.189, +2.867,+1.019
1529865480,+3.51,+11.414, +4.633,+1.019
1529866080,+3.51,+11.198, +3.600,+1.019
1529866680,+3.51,+11.252, +3.919,+1.019
1529867280,+3.51,+10.963, +3.034,+1.020
1529867880,+3.51,+10.863, +2.724,+1.020
1529868480,+3.51,+10.954, +3.012,+1.020
1529869080,+3.51,+11.180, +3.627,+1.019
1529869680,+3.51,+11.557, +4.960,+1.018
1529870280,+3.51,+11.512, +4.438,+1.019
1529870880,+3.51,+11.333, +4.132,+1.019
1529871480,+3.51,+11.297, +3.734,+1.019
1529872080,+3.51,+11.270, +3.965,+1.019
1529872680,+3.51,+11.297, +4.203,+1.019
1529873280,+3.51,+11.503, +4.580,+1.019
1529873880,+3.51,+11.736, +5.087,+1.018
1529874480,+3.51,+11.692, +4.817,+1.018
1529875080,+3.51,+11.870, +5.346,+1.018
1529875680,+3.51,+11.915, +5.363,+1.018
1529876280,+3.51,+12.084, +5.466,+1.018
1529876880,+3.51,+12.049, +5.229,+1.018
1529877480,+3.51,+11.969, +4.659,+1.018
1529878080,+3.51,+12.182, +5.446,+1.017
1529878680,+3.51,+11.960, +5.006,+1.018
1529879280,+3.51,+11.701, +4.782,+1.018
1529879880,+3.51,+11.674, +4.774,+1.018
1529880480,+3.51,+11.692, +4.331,+1.018
1529881080,+3.51,+11.683, +4.612,+1.018
1529881680,+3.51,+11.701, +4.725,+1.018
1529882280,+3.51,+11.620, +4.362,+1.019
1529882880,+3.51,+11.476, +4.641,+1.019
1529883480,+3.51,+11.629, +4.715,+1.018
1529884080,+3.51,+11.674, +4.858,+1.018
1529884680,+3.51,+11.674, +4.572,+1.018
1529885280,+3.51,+11.575, +4.127,+1.019
1529885880,+3.51,+11.270, +3.414,+1.019
1529886480,+3.51,+11.270, +3.619,+1.019
1529887080,+3.51,+11.449, +3.972,+1.019
1529887680,+3.51,+11.270, +3.531,+1.019
1529888280,+3.51,+11.512, +3.801,+1.019
1529888880,+3.51,+11.494, +3.776,+1.019
1529889480,+3.51,+11.449, +3.572,+1.019
1529890080,+3.51,+11.485, +3.624,+1.019
1529890680,+3.51,+11.745, +4.318,+1.018
1529891280,+3.51,+12.031, +5.021,+1.018
1529891880,+3.51,+12.147, +5.100,+1.018
1529892480,+3.51,+12.227, +5.102,+1.018
1529893080,+3.51,+12.307, +5.023,+1.017
1529893680,+3.51,+12.013, +4.498,+1.018
1529894280,+3.51,+11.378, +3.142,+1.019
1529894880,+3.51,+11.044, +2.743,+1.019
1529895480,+3.51,+10.999, +2.728,+1.020
1529896080,+3.51,+10.999, +2.633,+1.019
1529896680,+3.51,+11.044, +3.040,+1.019
1529897280,+3.51,+10.981, +2.595,+1.020
1529897880,+3.51,+10.954, +2.707,+1.020
1529898480,+3.51,+11.062, +2.918,+1.020
1529899080,+3.51,+11.180, +3.098,+1.020
1529899680,+3.51,+11.189, +3.069,+1.020
1529900280,+3.51,+11.107, +3.024,+1.020
1529900880,+3.51,+11.116, +2.962,+1.020
1529901480,+3.51,+11.107, +2.841,+1.020
1529902080,+3.51,+11.026, +2.760,+1.020
1529902680,+3.51,+11.062, +2.585,+1.020
1529903280,+3.51,+11.017, +2.723,+1.020
1529903880,+3.51,+11.062, +2.783,+1.019
1529904480,+3.51,+11.116, +2.825,+1.019
1529905080,+3.51,+11.071, +2.832,+1.019
1529905680,+3.51,+11.035, +2.801,+1.020
1529906280,+3.51,+10.854, +2.429,+1.020
1529906880,+3.51,+10.782, +2.163,+1.019
1529907480,+3.51,+10.664, +2.036,+1.019
1529908080,+3.51,+10.673, +1.888,+1.018
1529908680,+3.51,+10.845, +2.290,+1.019
1529909280,+3.51,+10.918, +2.394,+1.020
1529909880,+3.51,+10.827, +2.216,+1.019
1529910480,+3.51,+10.809, +2.233,+1.019
1529911080,+3.51,+10.836, +2.209,+1.019
1529911680,+3.51,+10.881, +1.952,+1.019
1529912280,+3.51,+11.035, +2.661,+1.020
1529912880,+3.51,+10.999, +2.752,+1.020
1529913480,+3.51,+10.972, +2.817,+1.020
1529914080,+3.51,+11.026, +2.781,+1.020
1529914680,+3.51,+11.026, +2.721,+1.020
1529915280,+3.51,+10.909, +2.501,+1.020
1529915880,+3.51,+10.782, +2.165,+1.019
1529916480,+3.51,+10.773, +2.053,+1.019
1529917080,+3.51,+10.727, +2.106,+1.019
1529917680,+3.51,+10.782, +2.128,+1.019
1529918280,+3.51,+10.854, +2.216,+1.019
1529918880,+3.51,+10.791, +2.142,+1.019
1529919480,+3.51,+10.827, +2.116,+1.019
1529920080,+3.51,+10.881, +2.311,+1.020
1529920680,+3.51,+10.791, +2.220,+1.019
1529921280,+3.51,+10.890, +2.316,+1.020
1529921880,+3.51,+10.818, +2.236,+1.019
1529922480,+3.51,+10.655, +1.914,+1.019
1529923080,+3.51,+10.637, +1.907,+1.018
1529923680,+3.51,+10.691, +1.938,+1.019
1529924280,+3.51,+10.673, +2.018,+1.019
1529924880,+3.51,+10.755, +2.110,+1.019
1529925480,+3.51,+10.900, +2.431,+1.020
1529926080,+3.51,+10.818, +2.204,+1.019
1529926680,+3.51,+10.854, +2.317,+1.020
1529927280,+3.51,+10.809, +2.312,+1.020
1529927880,+3.51,+10.854, +2.436,+1.020
1529928480,+3.51,+10.918, +2.525,+1.020
1529929080,+3.51,+10.945, +2.655,+1.020
1529929680,+3.51,+10.972, +2.800,+1.020
1529930280,+3.51,+11.071, +2.998,+1.020
1529930880,+3.51,+11.306, +3.472,+1.019
1529931480,+3.51,+11.647, +4.285,+1.019
1529932080,+3.51,+11.817, +4.509,+1.018
1529932680,+3.51,+11.897, +4.556,+1.019
1529933280,+3.51,+11.960, +4.788,+1.018
1529933880,+3.51,+11.745, +4.490,+1.019
1529934480,+3.51,+11.414, +3.713,+1.019
1529935080,+3.51,+11.449, +3.749,+1.019
1529935680,+3.51,+11.315, +3.750,+1.019
1529936280,+3.51,+11.396, +3.931,+1.019
1529936880,+3.51,+11.432, +3.946,+1.019
1529937480,+3.51,+11.449, +4.028,+1.019
1529938080,+3.51,+11.557, +4.042,+1.019
1529938680,+3.51,+11.530, +4.089,+1.019
