7450-730440
OS REV: 1.03 Sensor Cal: 1524168210
Time (sec),  BV (Volts),  T (deg C),  DO (mg/l),  Q ()
1532114400,+3.55,+21.291, +7.551,+0.971
1532115000,+3.55,+21.466, +7.739,+0.970
1532115600,+3.55,+21.633, +7.808,+0.971
1532116200,+3.55,+21.541, +7.765,+0.971
1532116800,+3.55,+21.541, +7.686,+0.971
1532117400,+3.55,+21.483, +7.550,+0.970
1532118000,+3.55,+21.458, +7.594,+0.971
1532118600,+3.55,+21.616, +7.689,+0.970
1532119200,+3.55,+21.675, +7.839,+0.970
1532119800,+3.55,+21.875, +7.789,+0.970
1532120400,+3.55,+21.792, +7.836,+0.971
1532121000,+3.55,+21.650, +7.694,+0.970
1532121600,+3.55,+21.541, +7.546,+0.970
1532122200,+3.55,+21.458, +7.510,+0.971
1532122800,+3.55,+21.450, +7.470,+0.970
1532123400,+3.55,+21.349, +7.490,+0.971
1532124000,+3.55,+21.483, +7.554,+0.971
1532124600,+3.55,+21.433, +7.558,+0.971
1532125200,+3.55,+21.291, +7.523,+0.971
1532125800,+3.55,+21.291, +7.510,+0.971
1532126400,+3.55,+21.082, +7.366,+0.971
1532127000,+3.55,+20.899, +7.149,+0.971
1532127600,+3.55,+20.798, +7.049,+0.971
1532128200,+3.55,+20.631, +6.905,+0.971
1532128800,+3.55,+20.665, +7.030,+0.971
1532129400,+3.55,+20.915, +7.076,+0.971
1532130000,+3.55,+20.915, +7.083,+0.971
1532130600,+3.55,+20.999, +7.185,+0.971
1532131200,+3.55,+21.091, +7.314,+0.971
1532131800,+3.55,+21.208, +7.323,+0.971
1532132400,+3.55,+21.233, +7.373,+0.971
1532133000,+3.55,+21.316, +7.401,+0.971
1532133600,+3.55,+21.366, +7.386,+0.971
1532134200,+3.55,+21.349, +7.380,+0.971
1532134800,+3.55,+21.349, +7.456,+0.971
1532135400,+3.55,+21.450, +7.374,+0.971
1532136000,+3.55,+21.316, +7.318,+0.971
1532136600,+3.55,+21.358, +7.357,+0.971
1532137200,+3.55,+21.274, +7.282,+0.971
1532137800,+3.55,+21.266, +7.323,+0.971
1532138400,+3.55,+21.074, +7.109,+0.970
1532139000,+3.55,+20.940, +7.022,+0.971
1532139600,+3.55,+20.748, +6.962,+0.971
1532140200,+3.55,+20.865, +7.077,+0.971
1532140800,+3.55,+20.865, +7.159,+0.971
1532141400,+3.55,+20.773, +7.024,+0.971
1532142000,+3.55,+20.790, +7.094,+0.971
1532142600,+3.55,+20.807, +7.059,+0.971
1532143200,+3.55,+20.815, +7.014,+0.971
1532143800,+3.55,+20.882, +7.039,+0.971
1532144400,+3.55,+20.924, +7.089,+0.971
1532145000,+3.55,+20.882, +7.184,+0.971
1532145600,+3.55,+21.074, +7.214,+0.971
1532146200,+3.55,+20.990, +7.259,+0.971
1532146800,+3.55,+21.032, +7.264,+0.971
1532147400,+3.55,+21.132, +7.303,+0.971
1532148000,+3.55,+21.241, +7.300,+0.971
1532148600,+3.55,+21.141, +7.250,+0.971
1532149200,+3.55,+21.266, +7.309,+0.971
1532149800,+3.55,+21.299, +7.265,+0.971
1532150400,+3.55,+21.216, +7.276,+0.971
1532151000,+3.55,+21.091, +7.247,+0.971
1532151600,+3.55,+21.032, +6.987,+0.971
1532152200,+3.55,+20.899, +6.899,+0.971
1532152800,+3.55,+20.982, +7.020,+0.971
1532153400,+3.55,+21.024, +6.989,+0.971
1532154000,+3.55,+21.007, +6.878,+0.971
1532154600,+3.55,+21.091, +6.779,+0.971
1532155200,+3.55,+21.107, +6.774,+0.970
1532155800,+3.55,+20.949, +6.845,+0.971
1532156400,+3.55,+20.865, +6.923,+0.971
1532157000,+3.55,+20.815, +6.911,+0.971
1532157600,+3.55,+21.016, +7.027,+0.971
1532158200,+3.55,+21.041, +7.119,+0.971
1532158800,+3.55,+21.041, +7.083,+0.971
1532159400,+3.55,+21.074, +7.152,+0.970
1532160000,+3.55,+21.066, +7.065,+0.971
1532160600,+3.55,+21.057, +7.153,+0.971
1532161200,+3.55,+21.099, +7.165,+0.971
1532161800,+3.55,+21.066, +7.090,+0.971
1532162400,+3.55,+21.116, +6.981,+0.971
1532163000,+3.55,+20.949, +6.952,+0.971
1532163600,+3.55,+20.940, +6.922,+0.970
1532164200,+3.55,+20.915, +7.007,+0.971
1532164800,+3.55,+20.890, +7.068,+0.971
1532165400,+3.55,+20.932, +7.045,+0.970
1532166000,+3.55,+20.907, +7.060,+0.971
1532166600,+3.55,+20.824, +7.089,+0.971
1532167200,+3.55,+20.849, +7.016,+0.971
1532167800,+3.55,+20.915, +7.035,+0.971
1532168400,+3.55,+20.932, +7.063,+0.971
1532169000,+3.55,+20.924, +6.980,+0.971
1532169600,+3.55,+20.748, +6.790,+0.971
1532170200,+3.55,+20.782, +6.881,+0.971
1532170800,+3.55,+20.874, +6.899,+0.971
1532171400,+3.55,+20.824, +6.850,+0.971
1532172000,+3.55,+20.874, +6.851,+0.971
1532172600,+3.55,+20.832, +6.794,+0.970
1532173200,+3.55,+20.815, +6.824,+0.971
1532173800,+3.55,+20.740, +6.717,+0.971
1532174400,+3.55,+20.782, +6.698,+0.971
1532175000,+3.55,+20.707, +6.695,+0.971
1532175600,+3.55,+20.631, +6.599,+0.971
1532176200,+3.55,+20.598, +6.649,+0.971
1532176800,+3.55,+20.673, +6.655,+0.971
1532177400,+3.55,+20.715, +6.712,+0.971
1532178000,+3.55,+20.798, +6.692,+0.971
1532178600,+3.55,+20.723, +6.694,+0.970
1532179200,+3.55,+20.690, +6.672,+0.971
1532179800,+3.55,+20.757, +6.551,+0.971
1532180400,+3.55,+20.932, +6.615,+0.971
1532181000,+3.55,+20.807, +6.429,+0.971
1532181600,+3.55,+20.999, +6.718,+0.971
1532182200,+3.55,+20.974, +7.017,+0.971
1532182800,+3.55,+20.849, +6.803,+0.971
1532183400,+3.55,+20.899, +6.882,+0.971
1532184000,+3.55,+20.940, +6.787,+0.971
1532184600,+3.55,+20.815, +6.824,+0.971
1532185200,+3.55,+20.740, +6.937,+0.970
1532185800,+3.55,+20.565, +6.763,+0.971
1532186400,+3.55,+20.874, +7.143,+0.971
1532187000,+3.55,+20.765, +6.869,+0.971
1532187600,+3.55,+20.949, +7.059,+0.971
1532188200,+3.55,+21.024, +7.319,+0.971
1532188800,+3.55,+20.899, +6.808,+0.970
1532189400,+3.55,+20.940, +7.286,+0.971
1532190000,+3.55,+21.041, +6.996,+0.971
1532190600,+3.55,+20.932, +6.966,+0.970
1532191200,+3.55,+20.965, +6.939,+0.970
1532191800,+3.55,+21.533, +7.264,+0.969
1532192400,+3.55,+20.957, +7.009,+0.970
1532193000,+3.55,+21.191, +7.077,+0.970
1532193600,+3.55,+20.874, +6.992,+0.971
1532194200,+3.55,+20.974, +7.046,+0.971
1532194800,+3.55,+20.940, +7.063,+0.971
1532195400,+3.55,+20.974, +6.992,+0.970
1532196000,+3.55,+21.024, +7.022,+0.971
1532196600,+3.55,+20.857, +7.097,+0.971
1532197200,+3.55,+21.016, +6.980,+0.970
1532197800,+3.55,+21.041, +7.080,+0.970
1532198400,+3.55,+21.074, +7.018,+0.970
1532199000,+3.55,+21.366, +7.599,+0.971
1532199600,+3.55,+21.249, +7.128,+0.971
1532200200,+3.55,+21.558, +7.217,+0.970
1532200800,+3.55,+21.850, +8.122,+0.971
