7450-730440
OS REV: 1.03 Sensor Cal: 1524168210
Time (sec),  BV (Volts),  T (deg C),  DO (mg/l),  Q ()
1529591400,+3.53,+14.682, +7.490,+0.979
1529592000,+3.53,+14.768, +7.613,+0.979
1529592600,+3.53,+14.699, +7.610,+0.979
1529593200,+3.53,+14.630, +7.486,+0.979
1529593800,+3.53,+14.569, +7.556,+0.979
1529594400,+3.53,+14.552, +7.571,+0.979
1529595000,+3.53,+14.708, +7.640,+0.979
1529595600,+3.53,+15.096, +7.783,+0.979
1529596200,+3.53,+15.216, +7.706,+0.979
1529596800,+3.53,+15.148, +7.838,+0.979
1529597400,+3.53,+15.148, +7.884,+0.979
1529598000,+3.53,+14.941, +7.960,+0.979
1529598600,+3.53,+14.898, +7.871,+0.979
1529599200,+3.53,+14.690, +7.894,+0.979
1529599800,+3.53,+14.829, +7.834,+0.979
1529600400,+3.53,+14.846, +7.856,+0.979
1529601000,+3.53,+14.725, +7.773,+0.979
1529601600,+3.53,+14.595, +7.796,+0.979
1529602200,+3.53,+14.491, +7.860,+0.980
1529602800,+3.53,+14.898, +7.885,+0.979
1529603400,+3.53,+14.786, +7.851,+0.979
1529604000,+3.53,+14.690, +7.663,+0.979
1529604600,+3.53,+14.448, +7.574,+0.979
1529605200,+3.53,+14.500, +7.587,+0.980
1529605800,+3.53,+14.975, +7.803,+0.979
1529606400,+3.53,+14.932, +7.765,+0.979
1529607000,+3.53,+14.846, +7.718,+0.979
1529607600,+3.53,+14.396, +7.583,+0.980
1529608200,+3.53,+14.101, +7.565,+0.979
1529608800,+3.53,+14.266, +7.595,+0.980
1529609400,+3.53,+14.413, +7.669,+0.979
1529610000,+3.53,+14.257, +7.598,+0.979
1529610600,+3.53,+14.543, +7.691,+0.979
1529611200,+3.53,+14.517, +7.709,+0.979
1529611800,+3.53,+14.483, +7.762,+0.980
1529612400,+3.53,+14.561, +7.719,+0.979
1529613000,+3.53,+14.578, +7.732,+0.979
1529613600,+3.53,+14.474, +7.735,+0.980
1529614200,+3.53,+14.561, +7.738,+0.979
1529614800,+3.53,+14.708, +7.829,+0.979
1529615400,+3.53,+14.483, +7.622,+0.979
1529616000,+3.53,+14.396, +7.586,+0.979
1529616600,+3.53,+14.457, +7.653,+0.979
1529617200,+3.53,+14.526, +7.637,+0.979
1529617800,+3.53,+14.448, +7.681,+0.980
1529618400,+3.53,+14.422, +7.623,+0.979
1529619000,+3.53,+14.387, +7.615,+0.979
1529619600,+3.53,+14.335, +7.593,+0.979
1529620200,+3.53,+14.335, +7.564,+0.979
1529620800,+3.53,+14.387, +7.557,+0.979
1529621400,+3.53,+14.413, +7.603,+0.979
1529622000,+3.53,+14.509, +7.707,+0.979
1529622600,+3.53,+14.448, +7.721,+0.979
1529623200,+3.53,+14.422, +7.637,+0.979
1529623800,+3.53,+14.465, +7.591,+0.979
1529624400,+3.53,+14.517, +7.699,+0.980
1529625000,+3.53,+14.673, +7.753,+0.979
1529625600,+3.53,+14.725, +7.793,+0.979
1529626200,+3.53,+14.742, +7.820,+0.979
1529626800,+3.53,+14.760, +7.804,+0.979
1529627400,+3.53,+14.863, +7.811,+0.979
1529628000,+3.53,+14.872, +7.809,+0.979
1529628600,+3.53,+14.734, +7.779,+0.979
1529629200,+3.53,+14.517, +7.754,+0.979
1529629800,+3.53,+14.794, +7.885,+0.979
1529630400,+3.53,+15.087, +7.940,+0.979
1529631000,+3.53,+15.044, +7.926,+0.979
1529631600,+3.53,+15.070, +7.859,+0.979
1529632200,+3.53,+15.165, +7.839,+0.979
1529632800,+3.53,+15.259, +7.838,+0.977
1529633400,+3.53,+15.087, +7.754,+0.978
1529634000,+3.53,+14.665, +7.742,+0.979
1529634600,+3.53,+14.543, +7.719,+0.979
1529635200,+3.53,+14.613, +7.697,+0.979
1529635800,+3.53,+14.379, +7.631,+0.979
1529636400,+3.53,+14.283, +7.576,+0.980
1529637000,+3.53,+14.292, +7.693,+0.979
1529637600,+3.53,+14.240, +7.559,+0.979
1529638200,+3.53,+14.266, +7.555,+0.980
1529638800,+3.53,+14.292, +7.599,+0.979
1529639400,+3.53,+14.344, +7.618,+0.979
1529640000,+3.53,+14.448, +7.654,+0.979
1529640600,+3.53,+14.509, +7.673,+0.979
1529641200,+3.53,+14.595, +7.725,+0.979
1529641800,+3.53,+14.716, +7.749,+0.979
1529642400,+3.53,+14.690, +7.771,+0.979
1529643000,+3.53,+14.708, +7.743,+0.979
1529643600,+3.53,+14.708, +7.736,+0.979
1529644200,+3.53,+14.543, +7.609,+0.979
1529644800,+3.53,+14.491, +7.657,+0.979
1529645400,+3.53,+14.474, +7.660,+0.979
1529646000,+3.53,+14.353, +7.488,+0.980
1529646600,+3.53,+14.361, +7.508,+0.979
1529647200,+3.53,+14.474, +7.590,+0.979
1529647800,+3.53,+14.439, +7.618,+0.980
1529648400,+3.53,+14.569, +7.701,+0.979
1529649000,+3.53,+14.673, +7.711,+0.979
1529649600,+3.53,+14.647, +7.730,+0.979
1529650200,+3.53,+14.690, +7.700,+0.979
1529650800,+3.53,+14.517, +7.639,+0.980
1529651400,+3.53,+14.604, +7.587,+0.979
1529652000,+3.53,+14.491, +7.455,+0.979
1529652600,+3.53,+14.379, +7.420,+0.979
1529653200,+3.53,+14.275, +7.465,+0.980
1529653800,+3.53,+14.301, +7.508,+0.980
1529654400,+3.53,+14.249, +7.456,+0.980
1529655000,+3.53,+14.309, +7.495,+0.980
1529655600,+3.53,+14.457, +7.516,+0.979
1529656200,+3.53,+14.448, +7.551,+0.980
1529656800,+3.53,+14.457, +7.596,+0.979
1529657400,+3.53,+14.483, +7.577,+0.979
1529658000,+3.53,+14.491, +7.537,+0.979
1529658600,+3.53,+14.422, +7.588,+0.979
1529659200,+3.53,+14.318, +7.529,+0.979
1529659800,+3.53,+14.327, +7.520,+0.979
1529660400,+3.53,+14.275, +7.571,+0.980
1529661000,+3.53,+14.240, +7.518,+0.979
1529661600,+3.53,+14.136, +7.507,+0.980
1529662200,+3.53,+14.223, +7.466,+0.979
1529662800,+3.53,+14.214, +7.465,+0.979
1529663400,+3.53,+14.240, +7.490,+0.979
1529664000,+3.53,+14.249, +7.501,+0.979
1529664600,+3.53,+14.327, +7.476,+0.979
1529665200,+3.53,+14.344, +7.491,+0.979
1529665800,+3.53,+14.275, +7.370,+0.979
1529666400,+3.53,+14.387, +7.436,+0.979
1529667000,+3.53,+14.439, +7.417,+0.979
1529667600,+3.53,+14.318, +7.338,+0.979
1529668200,+3.53,+14.344, +7.350,+0.979
1529668800,+3.53,+14.249, +7.257,+0.979
1529669400,+3.53,+14.327, +7.278,+0.979
1529670000,+3.53,+14.344, +7.360,+0.979
1529670600,+3.53,+14.491, +7.314,+0.979
1529671200,+3.53,+14.552, +7.341,+0.979
1529671800,+3.53,+14.630, +7.462,+0.979
1529672400,+3.53,+14.682, +7.422,+0.979
1529673000,+3.53,+14.725, +7.524,+0.979
1529673600,+3.53,+14.777, +7.598,+0.978
1529674200,+3.53,+14.820, +7.623,+0.979
1529674800,+3.53,+14.924, +7.696,+0.978
1529675400,+3.53,+14.967, +7.688,+0.978
1529676000,+3.53,+14.863, +7.585,+0.979
1529676600,+3.53,+14.906, +7.648,+0.978
1529677200,+3.53,+14.647, +7.519,+0.979
1529677800,+3.53,+14.552, +7.558,+0.979
