7450-730440
OS REV: 1.03 Sensor Cal: 1524168210
Time (sec),  BV (Volts),  T (deg C),  DO (mg/l),  Q ()
1531766400,+3.55,+19.561, +7.024,+0.972
1531767000,+3.55,+19.745, +7.197,+0.972
1531767600,+3.55,+19.862, +7.272,+0.972
1531768200,+3.55,+20.105, +7.166,+0.972
1531768800,+3.55,+20.130, +7.313,+0.971
1531769400,+3.55,+19.971, +6.912,+0.972
1531770000,+3.55,+19.913, +6.823,+0.972
1531770600,+3.55,+19.628, +6.656,+0.971
1531771200,+3.55,+19.854, +6.755,+0.972
1531771800,+3.55,+19.670, +6.756,+0.972
1531772400,+3.55,+20.163, +6.990,+0.971
1531773000,+3.55,+20.155, +6.885,+0.971
1531773600,+3.55,+20.339, +6.993,+0.971
1531774200,+3.55,+19.979, +6.617,+0.971
1531774800,+3.55,+20.013, +6.503,+0.971
1531775400,+3.55,+20.063, +6.990,+0.972
1531776000,+3.55,+19.963, +6.613,+0.971
1531776600,+3.55,+20.180, +6.881,+0.971
1531777200,+3.55,+20.071, +6.715,+0.972
1531777800,+3.55,+20.122, +6.732,+0.971
1531778400,+3.55,+20.197, +6.856,+0.971
1531779000,+3.55,+20.347, +7.060,+0.971
1531779600,+3.55,+20.163, +6.791,+0.971
1531780200,+3.55,+20.205, +6.786,+0.971
1531780800,+3.55,+20.381, +7.077,+0.971
1531781400,+3.55,+20.222, +6.532,+0.971
1531782000,+3.55,+20.297, +6.710,+0.972
1531782600,+3.55,+20.540, +6.852,+0.971
1531783200,+3.55,+20.514, +6.785,+0.971
1531783800,+3.55,+20.364, +6.826,+0.971
1531784400,+3.55,+20.406, +6.841,+0.971
1531785000,+3.55,+20.590, +6.893,+0.971
1531785600,+3.55,+20.631, +6.976,+0.971
1531786200,+3.55,+20.573, +6.869,+0.971
1531786800,+3.55,+20.573, +6.986,+0.971
1531787400,+3.55,+19.595, +6.444,+0.971
1531788000,+3.55,+19.243, +6.463,+0.971
1531788600,+3.55,+20.439, +6.878,+0.971
1531789200,+3.55,+19.862, +6.858,+0.972
1531789800,+3.55,+20.272, +6.774,+0.971
1531790400,+3.55,+20.431, +7.050,+0.971
1531791000,+3.55,+20.606, +7.043,+0.971
1531791600,+3.55,+20.824, +7.160,+0.971
1531792200,+3.55,+20.765, +7.345,+0.971
1531792800,+3.55,+20.356, +7.436,+0.972
1531793400,+3.55,+20.297, +7.334,+0.971
1531794000,+3.55,+20.364, +7.515,+0.972
1531794600,+3.55,+20.147, +7.129,+0.971
1531795200,+3.55,+20.055, +7.188,+0.972
1531795800,+3.55,+20.038, +7.127,+0.971
1531796400,+3.55,+19.954, +7.052,+0.972
1531797000,+3.55,+19.879, +7.052,+0.971
1531797600,+3.55,+19.821, +6.948,+0.971
1531798200,+3.55,+19.728, +6.914,+0.972
1531798800,+3.55,+19.754, +6.928,+0.972
1531799400,+3.55,+19.787, +7.120,+0.972
1531800000,+3.55,+19.804, +7.030,+0.971
1531800600,+3.55,+19.954, +7.054,+0.972
1531801200,+3.55,+20.063, +7.253,+0.971
1531801800,+3.55,+20.046, +7.271,+0.972
1531802400,+3.55,+19.971, +7.179,+0.971
1531803000,+3.55,+19.829, +6.990,+0.971
1531803600,+3.55,+20.030, +7.300,+0.972
1531804200,+3.55,+20.222, +7.320,+0.971
1531804800,+3.55,+20.247, +7.328,+0.971
1531805400,+3.55,+20.280, +7.388,+0.972
1531806000,+3.55,+20.230, +7.210,+0.971
1531806600,+3.55,+20.080, +7.099,+0.972
1531807200,+3.55,+19.921, +6.998,+0.971
1531807800,+3.55,+20.080, +7.163,+0.972
1531808400,+3.55,+20.138, +7.075,+0.971
1531809000,+3.55,+20.138, +7.141,+0.971
1531809600,+3.55,+20.205, +7.192,+0.972
1531810200,+3.55,+20.372, +7.212,+0.971
1531810800,+3.55,+20.289, +7.158,+0.971
1531811400,+3.55,+20.247, +7.063,+0.971
1531812000,+3.55,+20.255, +7.104,+0.971
1531812600,+3.55,+20.364, +7.009,+0.971
1531813200,+3.55,+20.372, +7.079,+0.971
1531813800,+3.55,+20.414, +7.122,+0.972
1531814400,+3.55,+20.414, +7.092,+0.971
1531815000,+3.55,+20.406, +7.178,+0.971
1531815600,+3.55,+20.481, +7.246,+0.971
1531816200,+3.55,+20.439, +7.335,+0.971
1531816800,+3.55,+20.531, +7.272,+0.971
1531817400,+3.55,+20.331, +7.296,+0.971
1531818000,+3.55,+20.222, +7.247,+0.971
1531818600,+3.55,+20.306, +7.291,+0.971
1531819200,+3.55,+20.306, +7.265,+0.971
1531819800,+3.55,+20.264, +7.245,+0.971
1531820400,+3.55,+20.189, +7.162,+0.972
1531821000,+3.55,+20.030, +7.060,+0.971
1531821600,+3.55,+19.988, +7.046,+0.972
1531822200,+3.55,+20.013, +6.985,+0.971
1531822800,+3.55,+19.904, +6.923,+0.972
1531823400,+3.55,+20.013, +6.909,+0.971
1531824000,+3.55,+20.071, +6.927,+0.971
1531824600,+3.55,+20.080, +7.131,+0.971
1531825200,+3.55,+20.021, +7.073,+0.971
1531825800,+3.55,+19.946, +7.067,+0.971
1531826400,+3.55,+19.921, +6.973,+0.972
1531827000,+3.55,+20.046, +6.889,+0.971
1531827600,+3.55,+20.130, +7.165,+0.971
1531828200,+3.55,+20.222, +7.170,+0.971
1531828800,+3.55,+20.865, +7.605,+0.971
1531829400,+3.55,+21.007, +7.536,+0.971
1531830000,+3.55,+20.464, +7.138,+0.971
1531830600,+3.55,+20.606, +7.304,+0.971
1531831200,+3.55,+20.506, +7.163,+0.971
1531831800,+3.55,+20.590, +7.255,+0.971
1531832400,+3.55,+20.548, +7.227,+0.971
1531833000,+3.55,+20.732, +7.376,+0.971
1531833600,+3.55,+21.074, +7.554,+0.971
1531834200,+3.55,+20.915, +7.363,+0.971
1531834800,+3.55,+20.565, +7.210,+0.971
1531835400,+3.55,+20.498, +7.152,+0.971
1531836000,+3.55,+20.523, +7.159,+0.971
1531836600,+3.55,+20.473, +7.155,+0.971
1531837200,+3.55,+20.565, +7.168,+0.971
1531837800,+3.55,+20.740, +7.485,+0.971
1531838400,+3.55,+21.057, +7.587,+0.971
1531839000,+3.55,+21.066, +7.498,+0.971
1531839600,+3.55,+21.116, +7.534,+0.971
1531840200,+3.55,+21.182, +7.635,+0.971
1531840800,+3.55,+21.516, +7.754,+0.971
1531841400,+3.55,+21.491, +7.750,+0.971
1531842000,+3.55,+21.491, +7.775,+0.971
1531842600,+3.55,+21.516, +7.788,+0.970
1531843200,+3.55,+21.475, +7.782,+0.971
1531843800,+3.55,+21.491, +7.768,+0.971
1531844400,+3.55,+21.458, +7.760,+0.971
1531845000,+3.55,+21.433, +7.744,+0.971
1531845600,+3.55,+21.208, +7.621,+0.971
1531846200,+3.55,+21.266, +7.696,+0.971
1531846800,+3.55,+21.883, +8.177,+0.971
1531847400,+3.55,+21.767, +8.131,+0.971
1531848000,+3.55,+21.733, +8.137,+0.972
1531848600,+3.55,+21.775, +8.139,+0.972
1531849200,+3.55,+21.808, +8.145,+0.972
1531849800,+3.55,+21.700, +8.192,+0.972
1531850400,+3.55,+21.817, +8.191,+0.972
1531851000,+3.55,+21.750, +8.183,+0.971
1531851600,+3.55,+21.683, +8.102,+0.971
1531852200,+3.55,+21.616, +8.090,+0.972
1531852800,+3.55,+21.408, +7.959,+0.971
