7450-328801
OS REV: 1.03 Sensor Cal: 1524170703
Time (sec),  BV (Volts),  T (deg C),  DO (mg/l),  Q ()
1532897640,+3.52,+15.639,+10.098,+0.986
1532898240,+3.52,+15.433,+10.199,+0.986
1532898840,+3.52,+15.364,+10.208,+0.986
1532899440,+3.52,+15.287,+10.220,+0.986
1532900040,+3.52,+15.150,+10.201,+0.986
1532900640,+3.52,+15.029,+10.281,+0.987
1532901240,+3.52,+15.261,+10.151,+0.986
1532901840,+3.52,+15.124,+10.204,+0.986
1532902440,+3.52,+14.892,+10.278,+0.986
1532903040,+3.52,+14.018,+10.416,+0.986
1532903640,+3.52,+14.304,+10.418,+0.987
1532904240,+3.52,+14.148,+10.390,+0.987
1532904840,+3.52,+15.270,+10.202,+0.986
1532905440,+3.52,+15.029,+10.276,+0.987
1532906040,+3.52,+15.236,+10.262,+0.986
1532906640,+3.52,+15.029,+10.262,+0.986
1532907240,+3.52,+14.762,+10.150,+0.986
1532907840,+3.52,+13.539,+10.463,+0.987
1532908440,+3.52,+14.235,+10.258,+0.986
1532909040,+3.52,+14.009,+10.262,+0.986
1532909640,+3.52,+13.277,+10.492,+0.988
1532910240,+3.52,+13.277,+10.469,+0.987
1532910840,+3.52,+13.207,+10.521,+0.987
1532911440,+3.52,+13.382,+10.488,+0.987
1532912040,+3.52,+13.154,+10.573,+0.988
1532912640,+3.52,+12.679,+10.559,+0.988
1532913240,+3.52,+12.829,+10.549,+0.988
1532913840,+3.52,+12.458,+10.582,+0.989
1532914440,+3.52,+12.591,+10.561,+0.988
1532915040,+3.52,+12.811,+10.583,+0.988
1532915640,+3.52,+12.732,+10.607,+0.988
1532916240,+3.52,+12.838,+10.609,+0.988
1532916840,+3.52,+13.224,+10.463,+0.987
1532917440,+3.52,+13.364,+10.565,+0.988
1532918040,+3.52,+13.644,+10.510,+0.987
1532918640,+3.52,+13.574,+10.447,+0.987
1532919240,+3.52,+13.382,+10.463,+0.987
1532919840,+3.52,+13.329,+10.502,+0.987
1532920440,+3.52,+13.250,+10.566,+0.988
1532921040,+3.52,+13.557,+10.531,+0.987
1532921640,+3.52,+13.408,+10.498,+0.987
1532922240,+3.52,+13.983,+10.462,+0.987
1532922840,+3.52,+14.555,+10.388,+0.987
1532923440,+3.52,+14.866,+10.384,+0.987
1532924040,+3.52,+14.866,+10.313,+0.986
1532924640,+3.52,+14.892,+10.308,+0.986
1532925240,+3.52,+15.261,+10.226,+0.987
1532925840,+3.52,+15.055,+10.244,+0.986
1532926440,+3.52,+15.201,+10.214,+0.986
1532927040,+3.52,+15.459,+10.079,+0.986
1532927640,+3.52,+15.502,+10.099,+0.986
1532928240,+3.52,+15.227,+10.099,+0.986
1532928840,+3.52,+15.467,+10.124,+0.986
1532929440,+3.52,+15.270,+10.172,+0.986
1532930040,+3.52,+15.442,+10.159,+0.986
1532930640,+3.52,+15.261,+10.161,+0.985
1532931240,+3.52,+15.115,+10.208,+0.987
1532931840,+3.52,+15.373,+10.145,+0.986
1532932440,+3.52,+15.236,+10.170,+0.986
1532933040,+3.52,+15.244,+10.162,+0.987
1532933640,+3.52,+15.012,+10.167,+0.987
1532934240,+3.52,+14.831,+10.264,+0.987
1532934840,+3.52,+14.831,+10.288,+0.986
1532935440,+3.52,+15.253,+10.132,+0.986
1532936040,+3.52,+15.621,+10.038,+0.986
1532936640,+3.52,+15.347,+10.091,+0.986
1532937240,+3.52,+14.443,+10.323,+0.987
1532937840,+3.52,+13.775,+10.336,+0.986
1532938440,+3.52,+14.166,+10.435,+0.987
1532939040,+3.52,+14.296,+10.408,+0.987
1532939640,+3.52,+14.018,+10.381,+0.987
1532940240,+3.52,+14.140,+10.441,+0.987
1532940840,+3.52,+13.626,+10.485,+0.988
1532941440,+3.52,+13.347,+10.448,+0.987
1532942040,+3.52,+13.233,+10.436,+0.988
1532942640,+3.52,+12.943,+10.527,+0.987
1532943240,+3.52,+13.487,+10.461,+0.988
1532943840,+3.52,+13.329,+10.427,+0.987
1532944440,+3.52,+13.259,+10.503,+0.988
1532945040,+3.52,+13.539,+10.413,+0.987
1532945640,+3.52,+13.268,+10.485,+0.988
1532946240,+3.52,+13.329,+10.456,+0.987
1532946840,+3.52,+13.949,+10.358,+0.987
1532947440,+3.52,+14.261,+10.273,+0.987
1532948040,+3.52,+14.616,+10.233,+0.986
1532948640,+3.52,+14.486,+10.237,+0.986
1532949240,+3.52,+14.762,+10.261,+0.987
1532949840,+3.52,+14.771,+10.228,+0.986
1532950440,+3.52,+15.193,+10.078,+0.986
1532951040,+3.52,+15.090,+10.091,+0.985
1532951640,+3.52,+14.900,+10.225,+0.986
1532952240,+3.52,+14.745,+10.287,+0.987
1532952840,+3.52,+15.219,+10.005,+0.986
1532953440,+3.52,+15.536,+10.026,+0.986
1532954040,+3.52,+15.433,+10.072,+0.986
1532954640,+3.52,+15.527,+10.057,+0.986
1532955240,+3.52,+15.587,+10.046,+0.986
1532955840,+3.52,+15.596,+10.053,+0.986
1532956440,+3.52,+15.433,+10.077,+0.985
1532957040,+3.52,+15.510,+10.064,+0.986
1532957640,+3.52,+15.579,+10.056,+0.986
1532958240,+3.52,+15.184,+10.135,+0.986
1532958840,+3.52,+14.961,+10.199,+0.986
1532959440,+3.52,+14.339,+10.343,+0.986
1532960040,+3.52,+14.313,+10.369,+0.986
1532960640,+3.52,+14.417,+10.367,+0.987
1532961240,+3.52,+14.443,+10.333,+0.986
1532961840,+3.52,+13.957,+10.424,+0.987
1532962440,+3.52,+14.261,+10.405,+0.987
1532963040,+3.52,+13.957,+10.449,+0.987
1532963640,+3.52,+13.905,+10.451,+0.987
1532964240,+3.52,+13.670,+10.467,+0.987
1532964840,+3.52,+13.609,+10.498,+0.988
1532965440,+3.52,+13.591,+10.512,+0.988
1532966040,+3.52,+13.557,+10.501,+0.988
1532966640,+3.52,+13.792,+10.441,+0.987
1532967240,+3.52,+13.557,+10.470,+0.987
1532967840,+3.52,+13.487,+10.454,+0.987
1532968440,+3.52,+13.495,+10.472,+0.987
1532969040,+3.52,+13.478,+10.468,+0.987
1532969640,+3.52,+13.119,+10.502,+0.988
1532970240,+3.52,+13.434,+10.536,+0.988
1532970840,+3.52,+13.522,+10.492,+0.987
1532971440,+3.52,+13.905,+10.448,+0.988
1532972040,+3.52,+13.940,+10.393,+0.987
1532972640,+3.52,+14.140,+10.350,+0.987
1532973240,+3.52,+13.905,+10.404,+0.987
1532973840,+3.52,+13.670,+10.468,+0.988
1532974440,+3.52,+13.731,+10.480,+0.988
1532975040,+3.52,+13.783,+10.466,+0.987
1532975640,+3.52,+14.105,+10.467,+0.988
1532976240,+3.52,+14.157,+10.403,+0.987
1532976840,+3.52,+14.001,+10.484,+0.987
1532977440,+3.52,+13.992,+10.444,+0.987
1532978040,+3.52,+13.931,+10.494,+0.987
1532978640,+3.52,+14.122,+10.419,+0.987
1532979240,+3.52,+14.131,+10.487,+0.987
1532979840,+3.52,+14.451,+10.441,+0.987
1532980440,+3.52,+15.012,+10.218,+0.987
1532981040,+3.52,+15.055,+10.205,+0.986
1532981640,+3.52,+15.098,+10.194,+0.986
1532982240,+3.52,+15.098,+10.220,+0.986
1532982840,+3.52,+15.167,+10.221,+0.986
1532983440,+3.52,+15.279,+10.210,+0.986
1532984040,+3.52,+15.330,+10.213,+0.986
