7450-328801
OS REV: 1.03 Sensor Cal: 1524170703
Time (sec),  BV (Volts),  T (deg C),  DO (mg/l),  Q ()
1535420640,+3.54,+16.245, +9.559,+0.987
1535421240,+3.54,+17.145, +9.293,+0.986
1535421840,+3.54,+16.475, +9.447,+0.986
1535422440,+3.54,+16.984, +9.350,+0.986
1535423040,+3.53,+17.230, +9.321,+0.986
1535423640,+3.53,+17.382, +9.301,+0.986
1535424240,+3.53,+17.449, +9.271,+0.986
1535424840,+3.53,+17.407, +9.263,+0.986
1535425440,+3.53,+17.483, +9.235,+0.986
1535426040,+3.53,+17.618, +9.206,+0.985
1535426640,+3.54,+17.517, +9.271,+0.986
1535427240,+3.53,+17.762, +9.180,+0.986
1535427840,+3.54,+17.855, +9.293,+0.986
1535428440,+3.53,+17.813, +9.161,+0.985
1535429040,+3.53,+17.652, +9.229,+0.986
1535429640,+3.53,+18.554, +9.134,+0.986
1535430240,+3.54,+19.460, +8.981,+0.986
1535430840,+3.53,+19.359, +8.935,+0.985
1535431440,+3.53,+19.577, +8.922,+0.985
1535432040,+3.53,+19.644, +8.903,+0.985
1535432640,+3.53,+19.368, +8.965,+0.985
1535433240,+3.53,+19.628, +8.960,+0.985
1535433840,+3.53,+19.728, +8.913,+0.986
1535434440,+3.53,+19.787, +8.887,+0.985
1535435040,+3.53,+19.803, +8.891,+0.985
1535435640,+3.54,+19.636, +8.922,+0.985
1535436240,+3.54,+19.778, +8.891,+0.985
1535436840,+3.54,+19.787, +8.893,+0.985
1535437440,+3.54,+19.778, +8.886,+0.984
1535438040,+3.54,+19.837, +8.886,+0.985
1535438640,+3.54,+19.770, +8.912,+0.986
1535439240,+3.54,+19.879, +8.875,+0.985
1535439840,+3.54,+19.870, +8.868,+0.985
1535440440,+3.54,+19.879, +8.872,+0.985
1535441040,+3.54,+19.845, +8.868,+0.985
1535441640,+3.54,+19.829, +8.869,+0.985
1535442240,+3.54,+19.820, +8.864,+0.985
1535442840,+3.54,+19.829, +8.856,+0.985
1535443440,+3.54,+19.795, +8.865,+0.985
1535444040,+3.54,+19.778, +8.872,+0.985
1535444640,+3.54,+19.803, +8.859,+0.985
1535445240,+3.54,+19.745, +8.879,+0.986
1535445840,+3.54,+19.762, +8.868,+0.985
1535446440,+3.54,+19.787, +8.855,+0.985
1535447040,+3.54,+19.778, +8.862,+0.985
1535447640,+3.54,+19.770, +8.843,+0.985
1535448240,+3.54,+19.787, +8.859,+0.985
1535448840,+3.54,+19.728, +8.865,+0.985
1535449440,+3.54,+19.820, +8.842,+0.985
1535450040,+3.54,+19.703, +8.873,+0.985
1535450640,+3.54,+19.695, +8.848,+0.985
1535451240,+3.54,+19.745, +8.865,+0.985
1535451840,+3.54,+19.728, +8.871,+0.985
1535452440,+3.54,+19.728, +8.866,+0.985
1535453040,+3.54,+19.787, +8.838,+0.985
1535453640,+3.54,+19.745, +8.856,+0.985
1535454240,+3.54,+19.720, +8.850,+0.985
1535454840,+3.54,+19.703, +8.855,+0.985
1535455440,+3.54,+19.661, +8.870,+0.985
1535456040,+3.54,+19.636, +8.870,+0.985
1535456640,+3.54,+19.535, +8.887,+0.985
1535457240,+3.54,+19.292, +8.907,+0.985
1535457840,+3.54,+19.477, +8.903,+0.986
1535458440,+3.54,+19.385, +8.940,+0.986
1535459040,+3.54,+19.669, +8.869,+0.985
1535459640,+3.54,+19.736, +8.833,+0.985
1535460240,+3.54,+19.619, +8.869,+0.985
1535460840,+3.54,+19.711, +8.854,+0.985
1535461440,+3.54,+19.644, +8.861,+0.985
1535462040,+3.54,+19.703, +8.840,+0.985
1535462640,+3.54,+19.711, +8.852,+0.986
1535463240,+3.54,+19.619, +8.854,+0.985
1535463840,+3.54,+19.661, +8.861,+0.985
1535464440,+3.54,+19.653, +8.856,+0.985
1535465040,+3.54,+19.661, +8.821,+0.985
1535465640,+3.54,+19.544, +8.848,+0.985
1535466240,+3.54,+19.435, +8.879,+0.986
1535466840,+3.54,+19.561, +8.886,+0.985
1535467440,+3.54,+19.527, +8.826,+0.985
1535468040,+3.54,+19.628, +8.864,+0.985
1535468640,+3.54,+19.569, +8.860,+0.985
1535469240,+3.54,+19.577, +8.848,+0.985
1535469840,+3.54,+19.594, +8.863,+0.985
1535470440,+3.54,+19.644, +8.840,+0.985
1535471040,+3.54,+19.561, +8.867,+0.985
1535471640,+3.54,+19.561, +8.850,+0.985
1535472240,+3.54,+19.477, +8.865,+0.985
1535472840,+3.54,+19.376, +8.882,+0.985
1535473440,+3.54,+19.284, +8.915,+0.985
1535474040,+3.54,+19.284, +8.926,+0.986
1535474640,+3.54,+19.334, +8.898,+0.985
1535475240,+3.54,+19.452, +8.877,+0.985
1535475840,+3.54,+19.426, +8.867,+0.985
1535476440,+3.54,+19.494, +8.867,+0.985
1535477040,+3.54,+19.401, +8.888,+0.985
1535477640,+3.54,+19.385, +8.907,+0.985
1535478240,+3.54,+19.460, +8.866,+0.985
1535478840,+3.54,+19.376, +8.897,+0.985
1535479440,+3.54,+19.385, +8.914,+0.985
1535480040,+3.54,+19.494, +8.881,+0.985
1535480640,+3.54,+19.452, +8.900,+0.986
1535481240,+3.54,+19.426, +8.892,+0.985
1535481840,+3.54,+19.351, +8.910,+0.985
1535482440,+3.54,+19.401, +8.891,+0.985
1535483040,+3.54,+19.359, +8.908,+0.985
1535483640,+3.54,+19.385, +8.902,+0.985
1535484240,+3.54,+19.527, +8.889,+0.985
1535484840,+3.54,+19.510, +8.911,+0.985
1535485440,+3.54,+19.527, +8.890,+0.985
1535486040,+3.54,+19.527, +8.881,+0.985
1535486640,+3.54,+19.552, +8.884,+0.985
1535487240,+3.54,+19.561, +8.897,+0.986
1535487840,+3.54,+19.527, +8.905,+0.985
1535488440,+3.54,+19.594, +8.888,+0.985
1535489040,+3.54,+19.586, +8.879,+0.985
1535489640,+3.54,+19.552, +8.898,+0.985
1535490240,+3.54,+19.569, +8.891,+0.985
1535490840,+3.54,+19.586, +8.894,+0.985
1535491440,+3.54,+19.586, +8.893,+0.985
1535492040,+3.54,+19.577, +8.897,+0.985
1535492640,+3.54,+19.577, +8.899,+0.985
1535493240,+3.54,+19.594, +8.894,+0.985
1535493840,+3.54,+19.577, +8.898,+0.985
1535494440,+3.54,+19.577, +8.898,+0.985
1535495040,+3.54,+19.552, +8.904,+0.985
1535495640,+3.54,+19.653, +8.880,+0.985
1535496240,+3.54,+19.594, +8.895,+0.985
1535496840,+3.54,+19.510, +8.914,+0.985
1535497440,+3.54,+19.611, +8.885,+0.985
1535498040,+3.54,+19.577, +8.888,+0.985
1535498640,+3.54,+19.577, +8.891,+0.985
1535499240,+3.54,+19.552, +8.899,+0.985
1535499840,+3.54,+19.569, +8.890,+0.985
1535500440,+3.54,+19.611, +8.861,+0.984
1535501040,+3.54,+19.544, +8.897,+0.985
1535501640,+3.54,+19.561, +8.876,+0.985
1535502240,+3.54,+19.527, +8.881,+0.985
1535502840,+3.54,+19.477, +8.897,+0.985
1535503440,+3.54,+19.544, +8.874,+0.985
1535504040,+3.54,+19.468, +8.842,+0.985
1535504640,+3.54,+19.477, +8.866,+0.985
1535505240,+3.54,+19.443, +8.853,+0.985
1535505840,+3.54,+19.292, +8.887,+0.986
1535506440,+3.54,+19.066, +8.882,+0.985
1535507040,+3.54,+18.814, +8.920,+0.985
