7450-328801
OS REV: 1.03 Sensor Cal: 1524170703
Time (sec),  BV (Volts),  T (deg C),  DO (mg/l),  Q ()
1532549640,+3.52,+13.469,+10.362,+0.986
1532550240,+3.52,+13.557,+10.599,+0.988
1532550840,+3.52,+13.539,+10.604,+0.988
1532551440,+3.52,+13.992,+10.469,+0.986
1532552040,+3.52,+13.574,+10.511,+0.987
1532552640,+3.52,+14.659,+10.556,+0.989
1532553240,+3.52,+15.373,+10.251,+0.987
1532553840,+3.52,+15.938,+10.072,+0.986
1532554440,+3.52,+15.861,+10.110,+0.986
1532555040,+3.52,+15.373,+10.205,+0.986
1532555640,+3.52,+15.124,+10.237,+0.986
1532556240,+3.52,+13.844,+10.386,+0.987
1532556840,+3.52,+13.338,+10.534,+0.988
1532557440,+3.52,+13.057,+10.647,+0.988
1532558040,+3.52,+13.513,+10.487,+0.988
1532558640,+3.52,+13.748,+10.468,+0.987
1532559240,+3.52,+14.027,+10.630,+0.988
1532559840,+3.52,+14.209,+10.566,+0.987
1532560440,+3.52,+14.192,+10.472,+0.986
1532561040,+3.52,+13.783,+10.519,+0.986
1532561640,+3.52,+13.801,+10.556,+0.987
1532562240,+3.52,+13.748,+10.561,+0.987
1532562840,+3.52,+13.888,+10.591,+0.988
1532563440,+3.52,+13.862,+10.613,+0.987
1532564040,+3.52,+13.818,+10.546,+0.988
1532564640,+3.52,+13.644,+10.626,+0.988
1532565240,+3.52,+13.775,+10.519,+0.988
1532565840,+3.52,+13.574,+10.572,+0.988
1532566440,+3.52,+13.670,+10.542,+0.987
1532567040,+3.52,+13.809,+10.552,+0.987
1532567640,+3.52,+13.862,+10.567,+0.988
1532568240,+3.52,+14.035,+10.540,+0.987
1532568840,+3.52,+14.088,+10.500,+0.987
1532569440,+3.52,+14.053,+10.538,+0.987
1532570040,+3.52,+14.322,+10.505,+0.987
1532570640,+3.52,+14.192,+10.508,+0.987
1532571240,+3.52,+14.053,+10.496,+0.987
1532571840,+3.52,+14.131,+10.520,+0.987
1532572440,+3.52,+13.992,+10.483,+0.986
1532573040,+3.52,+14.140,+10.478,+0.987
1532573640,+3.52,+14.070,+10.523,+0.987
1532574240,+3.52,+14.339,+10.484,+0.987
1532574840,+3.52,+14.313,+10.473,+0.986
1532575440,+3.52,+14.616,+10.367,+0.987
1532576040,+3.52,+15.038,+10.218,+0.986
1532576640,+3.52,+15.141,+10.187,+0.986
1532577240,+3.52,+15.047,+10.220,+0.986
1532577840,+3.52,+14.581,+10.378,+0.987
1532578440,+3.52,+14.140,+10.440,+0.987
1532579040,+3.52,+14.044,+10.551,+0.987
1532579640,+3.52,+13.775,+10.476,+0.987
1532580240,+3.52,+13.862,+10.524,+0.987
1532580840,+3.52,+14.027,+10.494,+0.987
1532581440,+3.52,+14.140,+10.511,+0.987
1532582040,+3.52,+13.966,+10.494,+0.987
1532582640,+3.52,+13.888,+10.450,+0.987
1532583240,+3.52,+14.035,+10.502,+0.987
1532583840,+3.52,+14.183,+10.550,+0.988
1532584440,+3.52,+15.012,+10.140,+0.986
1532585040,+3.52,+14.339,+10.468,+0.987
1532585640,+3.52,+14.339,+10.298,+0.986
1532586240,+3.52,+13.696,+10.517,+0.987
1532586840,+3.52,+12.943,+10.560,+0.988
1532587440,+3.52,+12.670,+10.594,+0.988
1532588040,+3.52,+12.591,+10.626,+0.988
1532588640,+3.52,+12.166,+10.631,+0.988
1532589240,+3.52,+12.113,+10.613,+0.988
1532589840,+3.52,+12.068,+10.634,+0.988
1532590440,+3.52,+11.846,+10.700,+0.989
1532591040,+3.52,+12.068,+10.657,+0.988
1532591640,+3.52,+12.388,+10.685,+0.989
1532592240,+3.52,+13.224,+10.658,+0.988
1532592840,+3.52,+13.775,+10.449,+0.987
1532593440,+3.52,+14.607,+10.318,+0.987
1532594040,+3.52,+14.926,+10.239,+0.986
1532594640,+3.52,+14.883,+10.243,+0.986
1532595240,+3.52,+14.918,+10.238,+0.986
1532595840,+3.52,+14.719,+10.265,+0.986
1532596440,+3.52,+14.313,+10.305,+0.987
1532597040,+3.52,+13.783,+10.468,+0.987
1532597640,+3.52,+13.696,+10.495,+0.987
1532598240,+3.52,+13.679,+10.520,+0.987
1532598840,+3.52,+13.539,+10.485,+0.987
1532599440,+3.52,+13.452,+10.537,+0.987
1532600040,+3.52,+13.373,+10.549,+0.988
1532600640,+3.52,+13.259,+10.575,+0.988
1532601240,+3.52,+13.417,+10.540,+0.987
1532601840,+3.52,+13.478,+10.543,+0.987
1532602440,+3.52,+13.609,+10.588,+0.988
1532603040,+3.52,+13.748,+10.529,+0.987
1532603640,+3.52,+14.685,+10.230,+0.987
1532604240,+3.52,+15.090,+10.240,+0.987
1532604840,+3.52,+15.467,+10.102,+0.985
1532605440,+3.52,+15.544,+10.116,+0.986
1532606040,+3.52,+15.055,+10.179,+0.986
1532606640,+3.52,+14.806,+10.181,+0.986
1532607240,+3.52,+14.676,+10.233,+0.986
1532607840,+3.52,+14.607,+10.399,+0.987
1532608440,+3.52,+14.719,+10.347,+0.986
1532609040,+3.52,+14.200,+10.456,+0.987
1532609640,+3.52,+14.096,+10.417,+0.987
1532610240,+3.52,+13.635,+10.460,+0.988
1532610840,+3.52,+13.504,+10.456,+0.987
1532611440,+3.52,+13.259,+10.521,+0.988
1532612040,+3.52,+13.364,+10.516,+0.988
1532612640,+3.52,+13.329,+10.467,+0.987
1532613240,+3.52,+13.522,+10.501,+0.988
1532613840,+3.52,+13.364,+10.466,+0.987
1532614440,+3.52,+13.128,+10.516,+0.988
1532615040,+3.52,+13.049,+10.507,+0.988
1532615640,+3.52,+13.119,+10.520,+0.988
1532616240,+3.52,+13.242,+10.480,+0.987
1532616840,+3.52,+13.408,+10.476,+0.988
1532617440,+3.52,+13.312,+10.471,+0.988
1532618040,+3.52,+13.478,+10.517,+0.988
1532618640,+3.52,+13.879,+10.407,+0.987
1532619240,+3.52,+13.504,+10.463,+0.988
1532619840,+3.52,+14.079,+10.433,+0.988
1532620440,+3.52,+14.451,+10.360,+0.987
1532621040,+3.52,+14.018,+10.313,+0.986
1532621640,+3.52,+13.504,+10.446,+0.987
1532622240,+3.52,+13.530,+10.476,+0.988
1532622840,+3.52,+13.504,+10.469,+0.987
1532623440,+3.52,+13.250,+10.508,+0.988
1532624040,+3.52,+13.075,+10.486,+0.987
1532624640,+3.52,+13.783,+10.488,+0.988
1532625240,+3.52,+14.200,+10.381,+0.987
1532625840,+3.52,+14.105,+10.356,+0.986
1532626440,+3.52,+13.809,+10.532,+0.988
1532627040,+3.52,+14.174,+10.447,+0.987
1532627640,+3.52,+14.079,+10.397,+0.987
1532628240,+3.52,+14.374,+10.456,+0.988
1532628840,+3.52,+15.021,+10.222,+0.986
1532629440,+3.52,+14.918,+10.280,+0.986
1532630040,+3.52,+14.900,+10.290,+0.986
1532630640,+3.52,+14.668,+10.353,+0.987
1532631240,+3.52,+14.754,+10.333,+0.987
1532631840,+3.52,+14.986,+10.264,+0.986
1532632440,+3.52,+15.227,+10.226,+0.986
1532633040,+3.52,+14.935,+10.280,+0.986
1532633640,+3.52,+14.788,+10.347,+0.986
1532634240,+3.52,+14.477,+10.396,+0.987
1532634840,+3.52,+14.287,+10.389,+0.987
1532635440,+3.52,+13.905,+10.437,+0.987
1532636040,+3.52,+14.183,+10.407,+0.987
