7450-527969
OS REV: 1.03 Sensor Cal: 1524169156
Time (sec),  BV (Volts),  T (deg C),  DO (mg/l),  Q ()
1531157280,+3.54,+21.818, +7.941,+0.966
1531157880,+3.54,+21.617, +7.989,+0.966
1531158480,+3.54,+21.584, +7.969,+0.966
1531159080,+3.54,+21.960, +7.967,+0.966
1531159680,+3.54,+21.977, +7.986,+0.966
1531160280,+3.54,+21.993, +7.974,+0.965
1531160880,+3.54,+21.960, +7.982,+0.965
1531161480,+3.54,+21.935, +8.023,+0.966
1531162080,+3.54,+21.993, +8.028,+0.965
1531162680,+3.54,+21.952, +8.031,+0.965
1531163280,+3.54,+21.952, +8.043,+0.965
1531163880,+3.54,+22.035, +8.078,+0.965
1531164480,+3.54,+22.052, +8.107,+0.965
1531165080,+3.54,+22.002, +8.154,+0.966
1531165680,+3.54,+22.110, +8.134,+0.965
1531166280,+3.54,+21.993, +8.150,+0.966
1531166880,+3.54,+22.069, +8.255,+0.965
1531167480,+3.54,+21.993, +8.315,+0.966
1531168080,+3.54,+22.035, +8.285,+0.966
1531168680,+3.54,+22.027, +8.225,+0.966
1531169280,+3.54,+22.069, +8.205,+0.965
1531169880,+3.54,+22.085, +8.187,+0.966
1531170480,+3.54,+22.094, +8.343,+0.966
1531171080,+3.54,+22.010, +8.239,+0.965
1531171680,+3.54,+22.035, +8.256,+0.965
1531172280,+3.54,+22.018, +8.125,+0.965
1531172880,+3.54,+22.094, +8.070,+0.965
1531173480,+3.54,+22.077, +8.093,+0.965
1531174080,+3.54,+22.177, +8.030,+0.965
1531174680,+3.54,+22.253, +8.031,+0.965
1531175280,+3.54,+22.344, +7.974,+0.965
1531175880,+3.54,+22.436, +7.939,+0.965
1531176480,+3.54,+22.353, +7.962,+0.965
1531177080,+3.55,+22.386, +7.948,+0.965
1531177680,+3.54,+22.386, +7.933,+0.965
1531178280,+3.54,+22.370, +7.958,+0.965
1531178880,+3.54,+22.319, +7.953,+0.965
1531179480,+3.54,+22.303, +7.954,+0.965
1531180080,+3.55,+22.319, +7.959,+0.965
1531180680,+3.54,+22.361, +7.994,+0.965
1531181280,+3.54,+22.328, +7.997,+0.965
1531181880,+3.54,+22.411, +7.998,+0.965
1531182480,+3.54,+22.420, +8.013,+0.965
1531183080,+3.54,+22.370, +7.990,+0.965
1531183680,+3.55,+22.353, +7.996,+0.965
1531184280,+3.54,+22.328, +7.991,+0.965
1531184880,+3.54,+22.370, +8.000,+0.966
1531185480,+3.55,+22.428, +7.970,+0.965
1531186080,+3.55,+22.395, +7.985,+0.965
1531186680,+3.55,+22.370, +7.991,+0.965
1531187280,+3.54,+22.328, +7.982,+0.965
1531187880,+3.55,+22.319, +7.881,+0.965
1531188480,+3.54,+22.361, +7.993,+0.965
1531189080,+3.54,+22.319, +7.981,+0.965
1531189680,+3.55,+22.319, +7.965,+0.965
1531190280,+3.55,+22.328, +7.946,+0.965
1531190880,+3.55,+22.286, +7.985,+0.965
1531191480,+3.55,+22.244, +7.956,+0.965
1531192080,+3.55,+22.211, +7.949,+0.965
1531192680,+3.55,+22.269, +7.932,+0.965
1531193280,+3.55,+22.253, +7.928,+0.965
1531193880,+3.55,+22.244, +7.937,+0.965
1531194480,+3.54,+22.194, +7.954,+0.965
1531195080,+3.54,+22.177, +7.947,+0.965
1531195680,+3.54,+22.144, +7.932,+0.965
1531196280,+3.54,+22.161, +7.945,+0.966
1531196880,+3.55,+22.161, +7.956,+0.966
1531197480,+3.55,+22.085, +7.986,+0.965
1531198080,+3.54,+22.135, +7.931,+0.965
1531198680,+3.54,+22.110, +7.894,+0.966
1531199280,+3.54,+22.161, +7.908,+0.965
1531199880,+3.54,+22.127, +7.948,+0.965
1531200480,+3.54,+22.119, +7.923,+0.965
1531201080,+3.54,+22.085, +7.937,+0.966
1531201680,+3.54,+22.110, +7.892,+0.966
1531202280,+3.54,+22.144, +7.916,+0.966
1531202880,+3.54,+22.119, +7.898,+0.966
1531203480,+3.54,+22.077, +7.895,+0.965
1531204080,+3.54,+22.069, +7.992,+0.966
1531204680,+3.54,+22.144, +8.050,+0.965
1531205280,+3.54,+22.177, +8.053,+0.966
1531205880,+3.54,+22.194, +8.046,+0.966
1531206480,+3.55,+22.244, +8.009,+0.965
1531207080,+3.55,+22.227, +7.932,+0.965
1531207680,+3.55,+22.303, +7.958,+0.965
1531208280,+3.55,+22.303, +7.978,+0.965
1531208880,+3.55,+22.286, +7.968,+0.965
1531209480,+3.55,+22.269, +7.940,+0.965
1531210080,+3.55,+22.261, +7.954,+0.966
1531210680,+3.55,+22.261, +8.019,+0.965
1531211280,+3.55,+22.244, +7.823,+0.965
1531211880,+3.54,+22.211, +8.030,+0.965
1531212480,+3.55,+22.219, +7.907,+0.965
1531213080,+3.54,+22.194, +8.009,+0.965
1531213680,+3.54,+22.177, +7.992,+0.965
1531214280,+3.55,+22.152, +8.008,+0.965
1531214880,+3.55,+22.144, +7.982,+0.965
1531215480,+3.55,+22.085, +8.009,+0.965
1531216080,+3.54,+22.077, +7.875,+0.965
1531216680,+3.55,+22.069, +7.950,+0.965
1531217280,+3.54,+22.102, +7.866,+0.965
1531217880,+3.55,+22.010, +7.852,+0.965
1531218480,+3.55,+22.010, +7.817,+0.965
1531219080,+3.54,+22.077, +7.894,+0.965
1531219680,+3.55,+22.060, +7.790,+0.965
1531220280,+3.55,+22.027, +7.835,+0.965
1531220880,+3.55,+22.018, +7.850,+0.965
1531221480,+3.55,+22.027, +7.870,+0.965
1531222080,+3.55,+21.952, +7.860,+0.965
1531222680,+3.55,+22.010, +7.829,+0.965
1531223280,+3.55,+22.002, +7.849,+0.965
1531223880,+3.54,+21.993, +7.786,+0.965
1531224480,+3.55,+21.960, +7.865,+0.965
1531225080,+3.55,+22.010, +7.832,+0.965
1531225680,+3.55,+21.993, +7.837,+0.965
1531226280,+3.55,+21.960, +7.824,+0.965
1531226880,+3.55,+21.960, +7.822,+0.965
1531227480,+3.55,+21.918, +7.806,+0.965
1531228080,+3.55,+21.885, +7.710,+0.965
1531228680,+3.55,+21.918, +7.783,+0.965
1531229280,+3.55,+21.926, +7.804,+0.965
1531229880,+3.54,+21.901, +7.852,+0.965
1531230480,+3.55,+21.876, +7.772,+0.965
1531231080,+3.55,+21.918, +7.807,+0.965
1531231680,+3.55,+21.860, +7.829,+0.965
1531232280,+3.54,+21.918, +7.820,+0.965
1531232880,+3.55,+21.893, +7.796,+0.965
1531233480,+3.55,+21.851, +7.777,+0.965
1531234080,+3.54,+21.876, +7.755,+0.965
1531234680,+3.55,+21.851, +7.740,+0.965
1531235280,+3.55,+21.893, +7.726,+0.965
1531235880,+3.55,+21.901, +7.750,+0.965
1531236480,+3.55,+21.993, +7.775,+0.965
1531237080,+3.55,+22.052, +7.869,+0.965
1531237680,+3.55,+22.069, +7.865,+0.965
1531238280,+3.54,+21.977, +7.838,+0.965
1531238880,+3.55,+22.010, +7.686,+0.965
1531239480,+3.55,+22.152, +7.879,+0.965
1531240080,+3.55,+22.161, +7.879,+0.965
1531240680,+3.54,+21.926, +7.907,+0.965
1531241280,+3.54,+22.002, +7.916,+0.965
1531241880,+3.54,+21.968, +7.857,+0.965
1531242480,+3.54,+21.952, +7.913,+0.965
1531243080,+3.54,+21.985, +7.876,+0.965
1531243680,+3.55,+21.985, +7.827,+0.965
