7450-527969
OS REV: 1.03 Sensor Cal: 1524169156
Time (sec),  BV (Volts),  T (deg C),  DO (mg/l),  Q ()
1530200280,+3.54,+20.262, +8.576,+0.968
1530200880,+3.54,+20.295, +8.610,+0.968
1530201480,+3.54,+20.371, +8.625,+0.968
1530202080,+3.54,+20.354, +8.699,+0.968
1530202680,+3.54,+20.388, +8.680,+0.967
1530203280,+3.54,+20.429, +8.713,+0.967
1530203880,+3.54,+20.438, +8.717,+0.967
1530204480,+3.54,+20.404, +8.704,+0.968
1530205080,+3.54,+20.413, +8.718,+0.967
1530205680,+3.54,+20.413, +8.632,+0.967
1530206280,+3.54,+20.404, +8.718,+0.968
1530206880,+3.54,+20.396, +8.697,+0.968
1530207480,+3.54,+20.438, +8.699,+0.968
1530208080,+3.54,+20.547, +8.729,+0.968
1530208680,+3.54,+20.538, +8.656,+0.967
1530209280,+3.54,+20.572, +8.659,+0.967
1530209880,+3.54,+20.530, +8.714,+0.968
1530210480,+3.54,+20.605, +8.686,+0.967
1530211080,+3.54,+20.555, +8.711,+0.968
1530211680,+3.54,+20.563, +8.681,+0.967
1530212280,+3.54,+20.530, +8.747,+0.967
1530212880,+3.54,+20.480, +8.756,+0.967
1530213480,+3.54,+20.480, +8.728,+0.968
1530214080,+3.54,+20.438, +8.782,+0.968
1530214680,+3.54,+20.555, +8.630,+0.967
1530215280,+3.54,+20.555, +8.648,+0.967
1530215880,+3.54,+20.572, +8.706,+0.967
1530216480,+3.54,+20.547, +8.717,+0.967
1530217080,+3.54,+20.505, +8.757,+0.967
1530217680,+3.54,+20.463, +8.724,+0.967
1530218280,+3.54,+20.505, +8.715,+0.967
1530218880,+3.54,+20.396, +8.758,+0.967
1530219480,+3.54,+20.421, +8.788,+0.967
1530220080,+3.54,+20.538, +8.759,+0.968
1530220680,+3.54,+20.438, +8.818,+0.967
1530221280,+3.54,+20.404, +8.820,+0.967
1530221880,+3.54,+20.454, +8.804,+0.968
1530222480,+3.54,+20.471, +8.823,+0.968
1530223080,+3.54,+20.572, +8.815,+0.967
1530223680,+3.54,+20.597, +8.792,+0.968
1530224280,+3.54,+20.597, +8.748,+0.967
1530224880,+3.54,+20.588, +8.712,+0.967
1530225480,+3.54,+20.505, +8.705,+0.967
1530226080,+3.54,+20.321, +8.794,+0.968
1530226680,+3.54,+20.379, +8.735,+0.968
1530227280,+3.54,+20.404, +8.759,+0.968
1530227880,+3.54,+20.446, +8.785,+0.968
1530228480,+3.54,+20.572, +8.747,+0.967
1530229080,+3.54,+20.555, +8.717,+0.967
1530229680,+3.54,+20.513, +8.718,+0.968
1530230280,+3.54,+20.521, +8.740,+0.967
1530230880,+3.54,+20.505, +8.767,+0.967
1530231480,+3.54,+20.547, +8.751,+0.968
1530232080,+3.54,+20.605, +8.727,+0.968
1530232680,+3.54,+20.823, +8.774,+0.967
1530233280,+3.54,+20.990, +8.760,+0.967
1530233880,+3.54,+20.881, +8.765,+0.968
1530234480,+3.54,+21.023, +8.794,+0.967
1530235080,+3.54,+21.207, +8.845,+0.968
1530235680,+3.54,+21.132, +8.751,+0.967
1530236280,+3.54,+20.747, +8.717,+0.967
1530236880,+3.54,+21.057, +8.655,+0.967
1530237480,+3.54,+21.918, +8.608,+0.967
1530238080,+3.54,+21.851, +8.619,+0.966
1530238680,+3.54,+21.575, +8.666,+0.967
1530239280,+3.54,+21.441, +8.639,+0.967
1530239880,+3.54,+21.274, +8.675,+0.967
1530240480,+3.54,+21.550, +8.691,+0.967
1530241080,+3.54,+21.241, +8.733,+0.967
1530241680,+3.54,+21.559, +8.646,+0.967
1530242280,+3.54,+21.483, +8.622,+0.967
1530242880,+3.54,+21.316, +8.758,+0.967
1530243480,+3.54,+21.759, +8.675,+0.967
1530244080,+3.54,+21.960, +8.607,+0.968
1530244680,+3.54,+21.809, +8.621,+0.967
1530245280,+3.54,+21.918, +8.602,+0.967
1530245880,+3.54,+21.926, +8.641,+0.967
1530246480,+3.54,+21.801, +8.704,+0.967
1530247080,+3.54,+21.742, +8.674,+0.967
1530247680,+3.54,+21.508, +8.576,+0.967
1530248280,+3.54,+21.492, +8.546,+0.967
1530248880,+3.54,+21.166, +8.526,+0.967
1530249480,+3.54,+21.291, +8.638,+0.967
1530250080,+3.54,+20.856, +8.610,+0.967
1530250680,+3.54,+20.814, +8.611,+0.967
1530251280,+3.54,+20.923, +8.579,+0.967
1530251880,+3.54,+20.664, +8.588,+0.967
1530252480,+3.54,+20.647, +8.605,+0.968
1530253080,+3.54,+20.622, +8.589,+0.967
1530253680,+3.54,+20.572, +8.544,+0.967
1530254280,+3.54,+20.588, +8.581,+0.967
1530254880,+3.54,+20.563, +8.541,+0.967
1530255480,+3.54,+20.597, +8.602,+0.967
1530256080,+3.54,+20.538, +8.607,+0.967
1530256680,+3.54,+20.597, +8.616,+0.967
1530257280,+3.54,+20.572, +8.618,+0.968
1530257880,+3.54,+20.521, +8.629,+0.967
1530258480,+3.54,+20.454, +8.618,+0.968
1530259080,+3.54,+20.471, +8.629,+0.968
1530259680,+3.54,+20.346, +8.617,+0.967
1530260280,+3.54,+20.312, +8.568,+0.967
1530260880,+3.54,+20.337, +8.505,+0.968
1530261480,+3.54,+20.321, +8.589,+0.967
1530262080,+3.54,+20.371, +8.607,+0.968
1530262680,+3.54,+20.354, +8.510,+0.967
1530263280,+3.54,+20.371, +8.644,+0.967
1530263880,+3.54,+20.354, +8.598,+0.968
1530264480,+3.54,+20.337, +8.531,+0.968
1530265080,+3.54,+20.304, +8.570,+0.967
1530265680,+3.54,+20.312, +8.592,+0.967
1530266280,+3.54,+20.346, +8.706,+0.967
1530266880,+3.54,+20.321, +8.653,+0.968
1530267480,+3.54,+20.421, +8.676,+0.968
1530268080,+3.54,+20.454, +8.626,+0.967
1530268680,+3.54,+20.446, +8.576,+0.968
1530269280,+3.54,+20.413, +8.687,+0.968
1530269880,+3.54,+20.446, +8.617,+0.968
1530270480,+3.54,+20.404, +8.668,+0.967
1530271080,+3.54,+20.471, +8.623,+0.967
1530271680,+3.54,+20.446, +8.674,+0.968
1530272280,+3.54,+20.388, +8.713,+0.967
1530272880,+3.54,+20.421, +8.684,+0.968
1530273480,+3.54,+20.379, +8.769,+0.968
1530274080,+3.54,+20.404, +8.724,+0.968
1530274680,+3.54,+20.287, +8.785,+0.968
1530275280,+3.54,+20.254, +8.727,+0.968
1530275880,+3.54,+20.321, +8.696,+0.968
1530276480,+3.54,+20.287, +8.658,+0.968
1530277080,+3.54,+20.187, +8.653,+0.968
1530277680,+3.54,+20.279, +8.661,+0.968
1530278280,+3.54,+20.245, +8.705,+0.968
1530278880,+3.54,+20.245, +8.679,+0.968
1530279480,+3.54,+20.170, +8.631,+0.968
1530280080,+3.54,+20.203, +8.597,+0.968
1530280680,+3.54,+20.161, +8.651,+0.968
1530281280,+3.54,+20.279, +8.632,+0.967
1530281880,+3.54,+20.161, +8.662,+0.968
1530282480,+3.54,+20.295, +8.663,+0.967
1530283080,+3.54,+20.295, +8.670,+0.968
1530283680,+3.54,+20.295, +8.703,+0.968
1530284280,+3.54,+20.270, +8.660,+0.968
1530284880,+3.54,+20.228, +8.617,+0.968
1530285480,+3.54,+20.228, +8.724,+0.968
1530286080,+3.54,+20.069, +8.662,+0.968
1530286680,+3.54,+19.952, +8.632,+0.968
