7450-527969
OS REV: 1.03 Sensor Cal: 1524169156
Time (sec),  BV (Volts),  T (deg C),  DO (mg/l),  Q ()
1536029280,+3.54,+20.781, +8.334,+0.966
1536029880,+3.54,+20.806, +8.321,+0.966
1536030480,+3.54,+20.814, +8.325,+0.966
1536031080,+3.54,+20.873, +8.316,+0.966
1536031680,+3.54,+20.940, +8.307,+0.966
1536032280,+3.54,+20.915, +8.276,+0.966
1536032880,+3.54,+20.664, +8.319,+0.966
1536033480,+3.54,+20.714, +8.313,+0.967
1536034080,+3.54,+20.772, +8.317,+0.966
1536034680,+3.54,+20.831, +8.286,+0.966
1536035280,+3.54,+20.680, +8.282,+0.966
1536035880,+3.54,+20.622, +8.291,+0.966
1536036480,+3.54,+20.622, +8.257,+0.966
1536037080,+3.54,+20.630, +8.289,+0.966
1536037680,+3.54,+20.630, +8.264,+0.966
1536038280,+3.54,+20.722, +8.253,+0.966
1536038880,+3.54,+20.747, +8.246,+0.966
1536039480,+3.54,+20.714, +8.263,+0.966
1536040080,+3.54,+20.697, +8.229,+0.966
1536040680,+3.54,+20.706, +8.240,+0.966
1536041280,+3.54,+20.664, +8.272,+0.966
1536041880,+3.54,+20.639, +8.269,+0.966
1536042480,+3.54,+20.530, +8.239,+0.966
1536043080,+3.54,+20.588, +8.267,+0.967
1536043680,+3.54,+20.530, +8.250,+0.966
1536044280,+3.54,+20.605, +8.252,+0.967
1536044880,+3.54,+20.538, +8.233,+0.967
1536045480,+3.54,+20.480, +8.272,+0.966
1536046080,+3.54,+20.505, +8.224,+0.967
1536046680,+3.54,+20.513, +8.202,+0.966
1536047280,+3.54,+20.471, +8.225,+0.966
1536047880,+3.54,+20.471, +8.201,+0.966
1536048480,+3.54,+20.454, +8.195,+0.967
1536049080,+3.54,+20.454, +8.212,+0.966
1536049680,+3.54,+20.346, +8.260,+0.967
1536050280,+3.54,+20.404, +8.303,+0.967
1536050880,+3.54,+20.329, +8.370,+0.966
1536051480,+3.54,+20.371, +8.276,+0.966
1536052080,+3.54,+20.329, +8.320,+0.967
1536052680,+3.54,+20.346, +8.309,+0.966
1536053280,+3.54,+20.371, +8.275,+0.966
1536053880,+3.54,+20.321, +8.285,+0.966
1536054480,+3.54,+20.287, +8.281,+0.966
1536055080,+3.54,+20.262, +8.292,+0.967
1536055680,+3.54,+20.279, +8.255,+0.966
1536056280,+3.54,+20.237, +8.266,+0.966
1536056880,+3.54,+20.254, +8.258,+0.967
1536057480,+3.54,+20.153, +8.293,+0.967
1536058080,+3.54,+20.170, +8.271,+0.967
1536058680,+3.54,+20.170, +8.260,+0.966
1536059280,+3.54,+20.153, +8.273,+0.967
1536059880,+3.54,+20.078, +8.270,+0.967
1536060480,+3.54,+20.094, +8.198,+0.967
1536061080,+3.54,+20.203, +8.215,+0.967
1536061680,+3.54,+20.128, +8.206,+0.967
1536062280,+3.54,+20.153, +8.149,+0.966
1536062880,+3.54,+20.103, +8.178,+0.967
1536063480,+3.54,+20.069, +8.192,+0.967
1536064080,+3.54,+20.086, +8.178,+0.967
1536064680,+3.54,+20.103, +8.159,+0.966
1536065280,+3.54,+20.120, +8.172,+0.967
1536065880,+3.54,+20.069, +8.174,+0.967
1536066480,+3.54,+20.145, +8.141,+0.966
1536067080,+3.54,+20.053, +8.173,+0.967
1536067680,+3.54,+20.086, +8.123,+0.966
1536068280,+3.54,+20.061, +8.148,+0.967
1536068880,+3.54,+20.094, +8.137,+0.966
1536069480,+3.54,+20.086, +8.101,+0.966
1536070080,+3.54,+20.069, +8.114,+0.966
1536070680,+3.54,+20.103, +8.088,+0.966
1536071280,+3.54,+20.103, +8.106,+0.967
1536071880,+3.54,+20.086, +8.142,+0.966
1536072480,+3.54,+20.061, +8.100,+0.967
1536073080,+3.54,+20.094, +8.080,+0.967
1536073680,+3.54,+20.044, +8.024,+0.967
1536074280,+3.54,+20.069, +8.087,+0.966
1536074880,+3.54,+20.078, +8.078,+0.967
1536075480,+3.54,+20.111, +8.043,+0.966
1536076080,+3.54,+20.061, +8.007,+0.967
1536076680,+3.54,+20.111, +7.964,+0.967
1536077280,+3.54,+20.078, +8.003,+0.967
1536077880,+3.54,+20.103, +8.017,+0.966
1536078480,+3.54,+20.111, +7.961,+0.966
1536079080,+3.54,+20.136, +8.009,+0.966
1536079680,+3.54,+20.078, +7.997,+0.967
1536080280,+3.53,+20.078, +7.996,+0.966
1536080880,+3.54,+20.044, +8.104,+0.966
1536081480,+3.54,+20.061, +8.055,+0.966
1536082080,+3.54,+20.094, +8.076,+0.966
1536082680,+3.54,+20.111, +8.003,+0.967
1536083280,+3.54,+20.094, +7.980,+0.966
1536083880,+3.54,+20.086, +8.009,+0.967
1536084480,+3.54,+20.069, +8.013,+0.967
1536085080,+3.54,+20.078, +8.007,+0.966
1536085680,+3.54,+20.069, +8.010,+0.967
1536086280,+3.54,+20.078, +8.014,+0.967
1536086880,+3.53,+20.044, +7.939,+0.967
1536087480,+3.54,+20.069, +7.966,+0.966
1536088080,+3.53,+20.027, +8.000,+0.967
1536088680,+3.54,+20.027, +7.952,+0.967
1536089280,+3.54,+20.019, +8.015,+0.966
1536089880,+3.53,+20.094, +8.066,+0.967
1536090480,+3.53,+20.078, +7.993,+0.966
1536091080,+3.54,+20.069, +7.988,+0.967
1536091680,+3.54,+20.111, +8.068,+0.966
1536092280,+3.54,+20.128, +8.076,+0.966
1536092880,+3.54,+20.111, +8.082,+0.966
1536093480,+3.54,+20.145, +8.067,+0.966
1536094080,+3.54,+20.203, +8.053,+0.967
1536094680,+3.54,+20.170, +8.064,+0.967
1536095280,+3.54,+20.136, +8.018,+0.967
1536095880,+3.54,+20.170, +8.032,+0.967
1536096480,+3.54,+20.203, +8.022,+0.967
1536097080,+3.54,+20.220, +8.016,+0.966
1536097680,+3.54,+20.195, +7.964,+0.966
1536098280,+3.54,+20.153, +7.995,+0.967
1536098880,+3.54,+20.195, +8.000,+0.966
1536099480,+3.54,+20.170, +8.013,+0.967
1536100080,+3.54,+20.187, +7.949,+0.966
1536100680,+3.54,+20.262, +7.964,+0.966
1536101280,+3.54,+20.161, +7.985,+0.967
1536101880,+3.54,+20.203, +7.933,+0.966
1536102480,+3.54,+20.212, +7.929,+0.966
1536103080,+3.54,+20.153, +7.947,+0.967
1536103680,+3.54,+20.228, +7.927,+0.967
1536104280,+3.54,+20.228, +7.901,+0.966
1536104880,+3.54,+20.220, +7.742,+0.966
1536105480,+3.54,+20.212, +7.894,+0.966
1536106080,+3.54,+20.220, +7.934,+0.966
1536106680,+3.54,+20.279, +7.916,+0.966
1536107280,+3.54,+20.212, +7.973,+0.966
1536107880,+3.54,+20.279, +8.003,+0.966
1536108480,+3.54,+20.178, +8.015,+0.966
1536109080,+3.54,+20.245, +7.887,+0.966
1536109680,+3.54,+20.153, +8.039,+0.966
1536110280,+3.54,+20.195, +8.008,+0.966
1536110880,+3.54,+20.228, +8.038,+0.966
1536111480,+3.54,+20.237, +7.997,+0.966
1536112080,+3.54,+20.187, +8.075,+0.966
1536112680,+3.54,+20.153, +8.048,+0.966
1536113280,+3.54,+20.145, +8.052,+0.966
1536113880,+3.54,+20.203, +7.980,+0.967
1536114480,+3.54,+20.178, +8.043,+0.966
1536115080,+3.54,+20.228, +7.991,+0.966
1536115680,+3.54,+20.187, +8.079,+0.966
