7450-527969
OS REV: 1.03 Sensor Cal: 1524169156
Time (sec),  BV (Volts),  T (deg C),  DO (mg/l),  Q ()
1532549280,+3.55,+24.052, +7.883,+0.964
1532549880,+3.55,+24.002, +7.895,+0.964
1532550480,+3.55,+24.002, +7.929,+0.963
1532551080,+3.55,+24.044, +7.890,+0.963
1532551680,+3.55,+24.036, +7.893,+0.964
1532552280,+3.55,+24.052, +7.889,+0.963
1532552880,+3.55,+23.943, +7.880,+0.963
1532553480,+3.55,+23.985, +7.904,+0.964
1532554080,+3.55,+24.061, +7.859,+0.964
1532554680,+3.55,+24.044, +7.857,+0.963
1532555280,+3.55,+24.036, +7.904,+0.964
1532555880,+3.55,+24.044, +7.865,+0.964
1532556480,+3.55,+24.027, +7.842,+0.963
1532557080,+3.55,+24.036, +7.865,+0.964
1532557680,+3.55,+24.019, +7.882,+0.964
1532558280,+3.55,+24.061, +7.868,+0.963
1532558880,+3.55,+24.010, +7.860,+0.964
1532559480,+3.55,+24.010, +7.900,+0.964
1532560080,+3.55,+24.002, +7.900,+0.964
1532560680,+3.55,+24.027, +7.806,+0.964
1532561280,+3.55,+23.985, +7.852,+0.964
1532561880,+3.55,+24.044, +7.861,+0.964
1532562480,+3.55,+23.994, +7.856,+0.964
1532563080,+3.55,+23.985, +7.853,+0.964
1532563680,+3.55,+24.019, +7.820,+0.964
1532564280,+3.55,+23.977, +7.898,+0.964
1532564880,+3.55,+23.968, +7.937,+0.963
1532565480,+3.55,+23.977, +7.904,+0.964
1532566080,+3.55,+23.968, +7.906,+0.964
1532566680,+3.55,+23.927, +7.900,+0.964
1532567280,+3.55,+23.977, +7.853,+0.964
1532567880,+3.55,+23.927, +7.909,+0.964
1532568480,+3.55,+23.935, +7.895,+0.964
1532569080,+3.55,+23.935, +7.889,+0.964
1532569680,+3.55,+23.918, +7.888,+0.964
1532570280,+3.55,+23.918, +7.883,+0.964
1532570880,+3.55,+23.927, +7.861,+0.964
1532571480,+3.55,+23.876, +7.850,+0.964
1532572080,+3.55,+23.859, +7.829,+0.964
1532572680,+3.55,+23.910, +7.839,+0.964
1532573280,+3.55,+23.876, +7.845,+0.964
1532573880,+3.55,+23.843, +7.869,+0.964
1532574480,+3.55,+23.851, +7.878,+0.964
1532575080,+3.55,+23.843, +7.879,+0.964
1532575680,+3.55,+23.826, +7.907,+0.964
1532576280,+3.55,+23.809, +7.867,+0.964
1532576880,+3.55,+23.843, +7.887,+0.964
1532577480,+3.55,+23.801, +7.886,+0.964
1532578080,+3.55,+23.734, +7.876,+0.964
1532578680,+3.55,+23.742, +7.833,+0.964
1532579280,+3.55,+23.801, +7.857,+0.964
1532579880,+3.55,+23.742, +7.894,+0.964
1532580480,+3.55,+23.742, +7.884,+0.964
1532581080,+3.55,+23.776, +7.888,+0.964
1532581680,+3.55,+23.784, +7.874,+0.964
1532582280,+3.55,+23.725, +7.899,+0.964
1532582880,+3.55,+23.742, +7.891,+0.964
1532583480,+3.55,+23.742, +7.884,+0.964
1532584080,+3.55,+23.684, +7.877,+0.964
1532584680,+3.55,+23.692, +7.851,+0.964
1532585280,+3.55,+23.675, +7.873,+0.964
1532585880,+3.55,+23.667, +7.889,+0.964
1532586480,+3.55,+23.667, +7.887,+0.964
1532587080,+3.55,+23.633, +7.852,+0.964
1532587680,+3.55,+23.633, +7.869,+0.963
1532588280,+3.55,+23.650, +7.856,+0.964
1532588880,+3.55,+23.650, +7.850,+0.964
1532589480,+3.55,+23.608, +7.858,+0.964
1532590080,+3.55,+23.625, +7.856,+0.964
1532590680,+3.55,+23.633, +7.844,+0.964
1532591280,+3.55,+23.575, +7.880,+0.964
1532591880,+3.55,+23.600, +7.856,+0.964
1532592480,+3.55,+23.566, +7.884,+0.964
1532593080,+3.55,+23.516, +7.895,+0.964
1532593680,+3.55,+23.583, +7.884,+0.964
1532594280,+3.55,+23.600, +7.864,+0.964
1532594880,+3.55,+23.533, +7.902,+0.964
1532595480,+3.55,+23.491, +7.891,+0.965
1532596080,+3.55,+23.499, +7.889,+0.965
1532596680,+3.55,+23.508, +7.877,+0.964
1532597280,+3.55,+23.474, +7.850,+0.964
1532597880,+3.55,+23.491, +7.865,+0.964
1532598480,+3.55,+23.482, +7.854,+0.964
1532599080,+3.55,+23.449, +7.851,+0.964
1532599680,+3.55,+23.457, +7.875,+0.965
1532600280,+3.55,+23.432, +7.788,+0.964
1532600880,+3.55,+23.441, +7.784,+0.964
1532601480,+3.55,+23.466, +7.742,+0.963
1532602080,+3.55,+23.441, +7.766,+0.964
1532602680,+3.55,+23.441, +7.687,+0.964
1532603280,+3.55,+23.432, +7.715,+0.964
1532603880,+3.55,+23.357, +7.731,+0.964
1532604480,+3.55,+23.441, +7.665,+0.964
1532605080,+3.55,+23.332, +7.680,+0.964
1532605680,+3.55,+23.374, +7.655,+0.964
1532606280,+3.55,+23.357, +7.732,+0.964
1532606880,+3.55,+23.357, +7.674,+0.964
1532607480,+3.55,+23.390, +7.670,+0.964
1532608080,+3.55,+23.265, +7.720,+0.965
1532608680,+3.55,+23.307, +7.679,+0.964
1532609280,+3.55,+23.348, +7.657,+0.964
1532609880,+3.55,+23.340, +7.685,+0.964
1532610480,+3.55,+23.290, +7.687,+0.964
1532611080,+3.55,+23.307, +7.710,+0.964
1532611680,+3.55,+23.282, +7.685,+0.964
1532612280,+3.55,+23.298, +7.678,+0.964
1532612880,+3.55,+23.273, +7.655,+0.964
1532613480,+3.55,+23.290, +7.665,+0.964
1532614080,+3.55,+23.332, +7.671,+0.964
1532614680,+3.55,+23.273, +7.669,+0.964
1532615280,+3.55,+23.307, +7.649,+0.964
1532615880,+3.55,+23.290, +7.681,+0.964
1532616480,+3.55,+23.348, +7.656,+0.964
1532617080,+3.55,+23.315, +7.644,+0.964
1532617680,+3.55,+23.323, +7.639,+0.964
1532618280,+3.55,+23.340, +7.659,+0.964
1532618880,+3.55,+23.357, +7.656,+0.964
1532619480,+3.55,+23.382, +7.631,+0.964
1532620080,+3.55,+23.348, +7.608,+0.964
1532620680,+3.55,+23.424, +7.580,+0.964
1532621280,+3.55,+23.399, +7.585,+0.964
1532621880,+3.55,+23.407, +7.599,+0.964
1532622480,+3.55,+22.537, +8.543,+0.967
1532623080,+3.55,+23.474, +8.322,+0.966
1532623680,+3.55,+23.524, +8.318,+0.966
1532624280,+3.55,+23.508, +8.314,+0.965
1532624880,+3.55,+23.549, +8.300,+0.965
1532625480,+3.55,+23.524, +8.323,+0.966
1532626080,+3.55,+23.516, +8.346,+0.966
1532626680,+3.55,+23.558, +8.331,+0.965
1532627280,+3.55,+23.566, +8.338,+0.965
1532627880,+3.55,+23.600, +8.336,+0.965
1532628480,+3.55,+23.608, +8.343,+0.966
1532629080,+3.55,+23.633, +8.338,+0.965
1532629680,+3.55,+23.717, +8.341,+0.966
1532630280,+3.55,+23.767, +8.339,+0.965
1532630880,+3.55,+23.834, +8.335,+0.965
1532631480,+3.55,+23.868, +8.339,+0.965
1532632080,+3.55,+23.868, +8.347,+0.965
1532632680,+3.55,+23.885, +8.339,+0.965
1532633280,+3.55,+23.834, +8.353,+0.966
1532633880,+3.55,+23.826, +8.352,+0.965
1532634480,+3.55,+23.843, +8.335,+0.965
1532635080,+3.55,+23.759, +8.354,+0.966
1532635680,+3.55,+23.734, +8.334,+0.966
