7450-527969
OS REV: 1.03 Sensor Cal: 1524169156
Time (sec),  BV (Volts),  T (deg C),  DO (mg/l),  Q ()
1534202280,+3.55,+24.136, +8.060,+0.965
1534202880,+3.55,+24.212, +7.979,+0.964
1534203480,+3.55,+24.153, +7.997,+0.964
1534204080,+3.55,+24.136, +7.973,+0.964
1534204680,+3.55,+24.153, +7.971,+0.964
1534205280,+3.55,+24.145, +8.006,+0.965
1534205880,+3.55,+24.153, +7.954,+0.965
1534206480,+3.55,+24.187, +8.021,+0.965
1534207080,+3.55,+24.203, +8.021,+0.965
1534207680,+3.55,+24.170, +8.030,+0.965
1534208280,+3.55,+24.128, +8.048,+0.965
1534208880,+3.55,+24.145, +8.066,+0.965
1534209480,+3.55,+24.136, +8.055,+0.965
1534210080,+3.55,+24.086, +8.066,+0.965
1534210680,+3.55,+24.103, +8.026,+0.965
1534211280,+3.55,+24.052, +8.023,+0.965
1534211880,+3.55,+24.086, +8.041,+0.965
1534212480,+3.55,+24.069, +8.080,+0.965
1534213080,+3.55,+24.094, +8.058,+0.964
1534213680,+3.55,+24.052, +8.028,+0.965
1534214280,+3.55,+24.111, +8.095,+0.965
1534214880,+3.55,+24.119, +8.091,+0.965
1534215480,+3.55,+24.145, +8.101,+0.965
1534216080,+3.55,+24.145, +8.096,+0.965
1534216680,+3.55,+24.178, +8.089,+0.965
1534217280,+3.55,+24.145, +8.122,+0.965
1534217880,+3.55,+24.119, +8.113,+0.965
1534218480,+3.55,+24.161, +8.106,+0.965
1534219080,+3.55,+24.161, +8.090,+0.965
1534219680,+3.55,+24.220, +8.118,+0.965
1534220280,+3.55,+24.212, +8.078,+0.965
1534220880,+3.55,+24.069, +8.089,+0.965
1534221480,+3.55,+24.044, +7.983,+0.965
1534222080,+3.55,+23.994, +8.034,+0.965
1534222680,+3.55,+23.985, +8.013,+0.965
1534223280,+3.55,+24.010, +7.968,+0.964
1534223880,+3.55,+23.968, +8.007,+0.965
1534224480,+3.55,+23.960, +7.989,+0.965
1534225080,+3.55,+23.968, +7.975,+0.965
1534225680,+3.55,+23.927, +8.010,+0.964
1534226280,+3.55,+23.885, +8.044,+0.965
1534226880,+3.55,+23.818, +8.050,+0.965
1534227480,+3.55,+23.834, +8.043,+0.965
1534228080,+3.55,+23.751, +8.076,+0.965
1534228680,+3.55,+23.717, +8.034,+0.965
1534229280,+3.55,+23.759, +8.069,+0.965
1534229880,+3.55,+23.734, +8.020,+0.965
1534230480,+3.55,+23.675, +8.083,+0.966
1534231080,+3.55,+23.650, +8.018,+0.965
1534231680,+3.55,+23.633, +7.977,+0.965
1534232280,+3.55,+23.667, +7.963,+0.965
1534232880,+3.55,+23.633, +7.992,+0.965
1534233480,+3.55,+23.558, +8.002,+0.965
1534234080,+3.55,+23.608, +8.034,+0.965
1534234680,+3.55,+23.558, +8.011,+0.965
1534235280,+3.55,+23.541, +7.973,+0.965
1534235880,+3.55,+23.482, +8.030,+0.965
1534236480,+3.55,+23.524, +7.934,+0.965
1534237080,+3.55,+23.583, +7.904,+0.965
1534237680,+3.55,+23.558, +7.969,+0.965
1534238280,+3.55,+23.600, +7.919,+0.965
1534238880,+3.55,+23.575, +7.929,+0.965
1534239480,+3.55,+23.449, +7.968,+0.965
1534240080,+3.55,+23.466, +7.962,+0.965
1534240680,+3.55,+23.441, +7.909,+0.965
1534241280,+3.55,+23.474, +7.903,+0.965
1534241880,+3.55,+23.524, +7.921,+0.965
1534242480,+3.55,+23.457, +7.904,+0.965
1534243080,+3.55,+23.508, +7.879,+0.965
1534243680,+3.55,+23.449, +7.889,+0.965
1534244280,+3.55,+23.474, +7.879,+0.965
1534244880,+3.55,+23.499, +7.931,+0.965
1534245480,+3.55,+23.508, +7.920,+0.965
1534246080,+3.55,+23.466, +7.929,+0.965
1534246680,+3.55,+23.516, +7.904,+0.964
1534247280,+3.55,+23.533, +7.892,+0.965
1534247880,+3.55,+23.474, +7.900,+0.965
1534248480,+3.55,+23.516, +7.899,+0.965
1534249080,+3.55,+23.524, +7.887,+0.965
1534249680,+3.55,+23.541, +7.904,+0.965
1534250280,+3.55,+23.474, +7.917,+0.965
1534250880,+3.55,+23.533, +7.863,+0.965
1534251480,+3.55,+23.516, +7.829,+0.964
1534252080,+3.55,+23.499, +7.842,+0.965
1534252680,+3.55,+23.491, +7.852,+0.964
1534253280,+3.55,+23.558, +7.852,+0.965
1534253880,+3.55,+23.575, +7.850,+0.965
1534254480,+3.55,+23.491, +7.865,+0.965
1534255080,+3.55,+23.566, +7.862,+0.964
1534255680,+3.55,+23.508, +7.872,+0.965
1534256280,+3.55,+23.583, +7.880,+0.965
1534256880,+3.55,+23.533, +7.885,+0.964
1534257480,+3.55,+23.549, +7.869,+0.965
1534258080,+3.55,+23.541, +7.886,+0.965
1534258680,+3.55,+23.566, +7.895,+0.964
1534259280,+3.55,+23.533, +7.901,+0.964
1534259880,+3.55,+23.499, +7.920,+0.964
1534260480,+3.55,+23.508, +7.926,+0.965
1534261080,+3.55,+23.541, +7.929,+0.965
1534261680,+3.55,+23.566, +7.910,+0.964
1534262280,+3.55,+23.575, +7.929,+0.965
1534262880,+3.55,+23.583, +7.956,+0.965
1534263480,+3.55,+23.650, +7.988,+0.965
1534264080,+3.55,+23.625, +7.983,+0.965
1534264680,+3.55,+23.675, +8.009,+0.965
1534265280,+3.55,+23.843, +7.995,+0.965
1534265880,+3.55,+23.910, +7.968,+0.965
1534266480,+3.55,+23.935, +7.955,+0.965
1534267080,+3.55,+23.918, +7.966,+0.965
1534267680,+3.55,+23.968, +7.962,+0.964
1534268280,+3.55,+23.893, +8.010,+0.965
1534268880,+3.55,+23.801, +8.017,+0.964
1534269480,+3.55,+23.927, +8.001,+0.965
1534270080,+3.55,+24.036, +7.937,+0.964
1534270680,+3.55,+24.027, +7.967,+0.964
1534271280,+3.55,+23.868, +7.963,+0.964
1534271880,+3.55,+23.918, +7.921,+0.964
1534272480,+3.55,+23.700, +8.006,+0.965
1534273080,+3.55,+23.742, +7.973,+0.965
1534273680,+3.55,+23.868, +7.997,+0.965
1534274280,+3.55,+23.935, +7.971,+0.964
1534274880,+3.55,+23.960, +8.047,+0.964
1534275480,+3.55,+24.086, +8.008,+0.964
1534276080,+3.55,+24.178, +7.995,+0.965
1534276680,+3.55,+24.245, +7.986,+0.964
1534277280,+3.55,+24.304, +7.985,+0.964
1534277880,+3.55,+24.304, +7.997,+0.964
1534278480,+3.55,+24.287, +8.010,+0.964
1534279080,+3.55,+24.329, +7.980,+0.964
1534279680,+3.55,+24.287, +7.984,+0.965
1534280280,+3.55,+24.254, +7.973,+0.964
1534280880,+3.55,+24.346, +7.995,+0.965
1534281480,+3.55,+24.363, +7.980,+0.964
1534282080,+3.55,+24.388, +7.992,+0.964
1534282680,+3.55,+24.438, +7.984,+0.964
1534283280,+3.55,+24.463, +7.991,+0.964
1534283880,+3.55,+24.430, +7.957,+0.964
1534284480,+3.55,+24.388, +7.986,+0.964
1534285080,+3.55,+24.396, +7.970,+0.964
1534285680,+3.55,+24.388, +7.951,+0.964
1534286280,+3.55,+24.371, +7.950,+0.964
1534286880,+3.55,+24.396, +7.916,+0.964
1534287480,+3.55,+24.363, +7.915,+0.964
1534288080,+3.55,+24.346, +7.921,+0.964
1534288680,+3.55,+24.262, +7.956,+0.964
