7450-464014
OS REV: 1.03 Sensor Cal: 1524169425
Time (sec),  BV (Volts),  T (deg C),  DO (mg/l),  Q ()
1530026520,+3.47, +5.295,+11.104,+0.973
1530027120,+3.47, +5.295,+11.117,+0.973
1530027720,+3.47, +5.276,+11.122,+0.973
1530028320,+3.47, +5.285,+11.109,+0.973
1530028920,+3.47, +5.295,+11.110,+0.973
1530029520,+3.47, +5.256,+11.120,+0.973
1530030120,+3.47, +5.305,+11.102,+0.973
1530030720,+3.47, +5.256,+11.140,+0.973
1530031320,+3.47, +5.256,+11.143,+0.973
1530031920,+3.47, +5.335,+11.108,+0.973
1530032520,+3.47, +5.355,+11.089,+0.973
1530033120,+3.47, +5.246,+11.130,+0.973
1530033720,+3.47, +5.276,+11.119,+0.973
1530034320,+3.47, +5.335,+11.112,+0.973
1530034920,+3.47, +5.305,+11.133,+0.973
1530035520,+3.47, +5.246,+11.126,+0.973
1530036120,+3.47, +5.266,+11.114,+0.973
1530036720,+3.47, +5.236,+11.118,+0.973
1530037320,+3.47, +5.256,+11.125,+0.973
1530037920,+3.47, +5.236,+11.132,+0.973
1530038520,+3.47, +5.236,+11.124,+0.973
1530039120,+3.47, +5.276,+11.103,+0.973
1530039720,+3.47, +5.206,+11.143,+0.973
1530040320,+3.47, +5.256,+11.122,+0.973
1530040920,+3.47, +5.246,+11.125,+0.973
1530041520,+3.47, +5.206,+11.156,+0.973
1530042120,+3.47, +5.206,+11.159,+0.973
1530042720,+3.47, +5.236,+11.158,+0.974
1530043320,+3.47, +5.236,+11.159,+0.973
1530043920,+3.47, +5.256,+11.188,+0.973
1530044520,+3.47, +5.276,+11.180,+0.973
1530045120,+3.47, +5.345,+11.159,+0.973
1530045720,+3.47, +5.266,+11.171,+0.973
1530046320,+3.47, +5.256,+11.187,+0.973
1530046920,+3.47, +5.236,+11.194,+0.973
1530047520,+3.47, +5.206,+11.162,+0.973
1530048120,+3.47, +5.236,+11.128,+0.973
1530048720,+3.47, +5.216,+11.141,+0.974
1530049320,+3.47, +5.246,+11.117,+0.973
1530049920,+3.47, +5.266,+11.114,+0.973
1530050520,+3.47, +5.236,+11.150,+0.973
1530051120,+3.47, +5.206,+11.160,+0.973
1530051720,+3.47, +5.176,+11.152,+0.973
1530052320,+3.47, +5.196,+11.162,+0.973
1530052920,+3.47, +5.196,+11.179,+0.973
1530053520,+3.47, +5.216,+11.148,+0.973
1530054120,+3.47, +5.216,+11.201,+0.973
1530054720,+3.47, +5.285,+11.146,+0.973
1530055320,+3.47, +5.295,+11.132,+0.973
1530055920,+3.47, +5.256,+11.182,+0.973
1530056520,+3.47, +5.266,+11.183,+0.973
1530057120,+3.47, +5.276,+11.140,+0.973
1530057720,+3.47, +5.236,+11.147,+0.973
1530058320,+3.47, +5.206,+11.152,+0.973
1530058920,+3.47, +5.285,+11.126,+0.973
1530059520,+3.47, +5.266,+11.149,+0.973
1530060120,+3.47, +5.305,+11.144,+0.973
1530060720,+3.47, +5.325,+11.158,+0.973
1530061320,+3.47, +5.315,+11.184,+0.974
1530061920,+3.47, +5.335,+11.163,+0.973
1530062520,+3.47, +5.325,+11.183,+0.973
1530063120,+3.47, +5.395,+11.145,+0.973
1530063720,+3.47, +5.315,+11.161,+0.973
1530064320,+3.47, +5.256,+11.163,+0.973
1530064920,+3.47, +5.285,+11.126,+0.973
1530065520,+3.47, +5.256,+11.111,+0.973
1530066120,+3.47, +5.226,+11.124,+0.973
1530066720,+3.47, +5.266,+11.097,+0.973
1530067320,+3.47, +5.256,+11.090,+0.973
1530067920,+3.47, +5.226,+11.087,+0.974
1530068520,+3.47, +5.186,+11.094,+0.973
1530069120,+3.47, +5.186,+11.098,+0.973
1530069720,+3.47, +5.216,+11.072,+0.973
1530070320,+3.47, +5.216,+11.074,+0.973
1530070920,+3.47, +5.226,+11.104,+0.973
1530071520,+3.47, +5.176,+11.144,+0.973
1530072120,+3.47, +5.236,+11.118,+0.974
1530072720,+3.47, +5.186,+11.089,+0.973
1530073320,+3.47, +5.186,+11.096,+0.973
1530073920,+3.47, +5.246,+11.094,+0.973
1530074520,+3.47, +5.226,+11.127,+0.973
1530075120,+3.47, +5.256,+11.118,+0.973
1530075720,+3.47, +5.236,+11.109,+0.974
1530076320,+3.47, +5.206,+11.138,+0.973
1530076920,+3.47, +5.246,+11.105,+0.973
1530077520,+3.47, +5.285,+11.108,+0.973
1530078120,+3.47, +5.295,+11.106,+0.973
1530078720,+3.47, +5.276,+11.130,+0.973
1530079320,+3.47, +5.256,+11.143,+0.973
1530079920,+3.47, +5.256,+11.153,+0.973
1530080520,+3.47, +5.285,+11.140,+0.973
1530081120,+3.47, +5.246,+11.146,+0.973
1530081720,+3.47, +5.295,+11.106,+0.973
1530082320,+3.47, +5.246,+11.108,+0.973
1530082920,+3.47, +5.236,+11.113,+0.973
1530083520,+3.47, +5.196,+11.170,+0.974
1530084120,+3.47, +5.305,+11.122,+0.973
1530084720,+3.47, +5.295,+11.142,+0.973
1530085320,+3.47, +5.345,+11.113,+0.973
1530085920,+3.47, +5.375,+11.118,+0.973
1530086520,+3.47, +5.325,+11.134,+0.973
1530087120,+3.47, +5.285,+11.140,+0.973
1530087720,+3.47, +5.375,+11.137,+0.973
1530088320,+3.47, +5.295,+11.175,+0.974
1530088920,+3.47, +5.315,+11.181,+0.973
1530089520,+3.47, +5.335,+11.122,+0.973
1530090120,+3.47, +5.395,+11.112,+0.973
1530090720,+3.47, +5.385,+11.143,+0.973
1530091320,+3.47, +5.365,+11.142,+0.973
1530091920,+3.47, +5.405,+11.118,+0.973
1530092520,+3.47, +5.405,+11.140,+0.973
1530093120,+3.47, +5.464,+11.120,+0.973
1530093720,+3.47, +5.375,+11.172,+0.973
1530094320,+3.47, +5.395,+11.149,+0.973
1530094920,+3.47, +5.355,+11.129,+0.973
1530095520,+3.47, +5.355,+11.113,+0.973
1530096120,+3.47, +5.375,+11.127,+0.973
1530096720,+3.47, +5.345,+11.131,+0.973
1530097320,+3.47, +5.355,+11.147,+0.973
1530097920,+3.47, +5.276,+11.089,+0.973
1530098520,+3.47, +5.365,+11.086,+0.973
1530099120,+3.47, +5.325,+11.093,+0.973
1530099720,+3.47, +5.385,+11.058,+0.973
1530100320,+3.47, +5.335,+11.087,+0.973
1530100920,+3.47, +5.375,+11.095,+0.973
1530101520,+3.47, +5.405,+11.104,+0.973
1530102120,+3.47, +5.434,+11.083,+0.973
1530102720,+3.47, +5.444,+11.113,+0.973
1530103320,+3.47, +5.424,+11.107,+0.973
1530103920,+3.47, +5.504,+11.076,+0.973
1530104520,+3.47, +5.434,+11.092,+0.973
1530105120,+3.47, +5.434,+11.087,+0.973
1530105720,+3.47, +5.484,+11.065,+0.973
1530106320,+3.47, +5.484,+11.051,+0.973
1530106920,+3.47, +5.415,+11.073,+0.973
1530107520,+3.47, +5.415,+11.067,+0.973
1530108120,+3.47, +5.514,+11.035,+0.973
1530108720,+3.47, +5.484,+11.045,+0.973
1530109320,+3.47, +5.444,+11.096,+0.973
1530109920,+3.47, +5.494,+11.074,+0.973
1530110520,+3.47, +5.464,+11.081,+0.973
1530111120,+3.47, +5.484,+11.076,+0.973
1530111720,+3.47, +5.494,+11.064,+0.973
1530112320,+3.47, +5.464,+11.065,+0.973
1530112920,+3.47, +5.484,+11.067,+0.973
