7450-772031
OS REV: 1.03 Sensor Cal: 1524171748
Time (sec),  BV (Volts),  T (deg C),  DO (mg/l),  Q ()
1529069580,+3.49, +6.966,+11.567,+0.994
1529070180,+3.49, +6.956,+11.554,+0.994
1529070780,+3.50, +6.811,+11.552,+0.994
1529071380,+3.50, +6.782,+11.548,+0.994
1529071980,+3.50, +6.802,+11.505,+0.994
1529072580,+3.50, +6.715,+11.567,+0.995
1529073180,+3.50, +6.686,+11.538,+0.995
1529073780,+3.50, +6.724,+11.519,+0.994
1529074380,+3.50, +6.666,+11.557,+0.995
1529074980,+3.50, +6.608,+11.581,+0.995
1529075580,+3.50, +6.627,+11.540,+0.994
1529076180,+3.50, +6.627,+11.523,+0.995
1529076780,+3.50, +6.627,+11.518,+0.994
1529077380,+3.49, +6.550,+11.548,+0.994
1529077980,+3.50, +7.322,+11.646,+0.994
1529078580,+3.50, +7.379,+11.526,+0.993
1529079180,+3.50, +7.322,+11.559,+0.994
1529079780,+3.50, +7.427,+11.511,+0.994
1529080380,+3.50, +7.398,+11.520,+0.994
1529080980,+3.50, +7.072,+11.528,+0.994
1529081580,+3.50, +7.062,+11.545,+0.994
1529082180,+3.50, +7.062,+11.475,+0.993
1529082780,+3.50, +6.869,+11.553,+0.994
1529083380,+3.50, +6.782,+11.488,+0.995
1529083980,+3.50, +6.656,+11.524,+0.994
1529084580,+3.50, +6.627,+11.518,+0.994
1529085180,+3.50, +6.647,+11.501,+0.994
1529085780,+3.50, +6.627,+11.488,+0.994
1529086380,+3.50, +6.608,+11.504,+0.994
1529086980,+3.50, +6.637,+11.493,+0.994
1529087580,+3.50, +6.550,+11.526,+0.994
1529088180,+3.50, +6.627,+11.505,+0.994
1529088780,+3.50, +6.608,+11.501,+0.994
1529089380,+3.50, +6.540,+11.523,+0.994
1529089980,+3.50, +6.501,+11.518,+0.994
1529090580,+3.50, +6.501,+11.519,+0.994
1529091180,+3.50, +6.462,+11.534,+0.994
1529091780,+3.50, +6.482,+11.502,+0.994
1529092380,+3.50, +6.374,+11.540,+0.994
1529092980,+3.50, +6.656,+11.600,+0.995
1529093580,+3.50, +7.053,+11.596,+0.994
1529094180,+3.50, +6.676,+11.504,+0.995
1529094780,+3.50, +6.579,+11.500,+0.994
1529095380,+3.50, +6.676,+11.539,+0.994
1529095980,+3.50, +6.705,+11.542,+0.994
1529096580,+3.50, +6.666,+11.604,+0.994
1529097180,+3.50, +6.782,+11.544,+0.995
1529097780,+3.50, +6.773,+11.556,+0.995
1529098380,+3.50, +6.753,+11.541,+0.995
1529098980,+3.50, +6.782,+11.591,+0.995
1529099580,+3.50, +6.850,+11.515,+0.994
1529100180,+3.50, +6.802,+11.499,+0.994
1529100780,+3.50, +6.763,+11.551,+0.994
1529101380,+3.50, +6.782,+11.537,+0.995
1529101980,+3.50, +6.734,+11.543,+0.994
1529102580,+3.50, +6.734,+11.510,+0.994
1529103180,+3.50, +6.744,+11.513,+0.994
1529103780,+3.50, +6.627,+11.538,+0.994
1529104380,+3.50, +6.579,+11.543,+0.994
1529104980,+3.50, +6.521,+11.533,+0.994
1529105580,+3.50, +6.501,+11.495,+0.994
1529106180,+3.50, +6.384,+11.553,+0.995
1529106780,+3.50, +6.472,+11.533,+0.994
1529107380,+3.50, +6.443,+11.548,+0.995
1529107980,+3.50, +6.287,+11.533,+0.994
1529108580,+3.50, +6.277,+11.540,+0.994
1529109180,+3.50, +6.365,+11.521,+0.994
1529109780,+3.50, +6.277,+11.556,+0.995
1529110380,+3.50, +6.277,+11.511,+0.994
1529110980,+3.49, +6.189,+11.536,+0.994
1529111580,+3.50, +6.316,+11.501,+0.994
1529112180,+3.50, +6.248,+11.542,+0.994
1529112780,+3.50, +6.257,+11.515,+0.994
1529113380,+3.49, +6.169,+11.519,+0.995
1529113980,+3.49, +6.150,+11.533,+0.995
1529114580,+3.50, +6.160,+11.533,+0.995
1529115180,+3.50, +6.150,+11.548,+0.995
1529115780,+3.49, +6.218,+11.509,+0.994
1529116380,+3.49, +6.228,+11.526,+0.994
1529116980,+3.49, +6.306,+11.557,+0.995
1529117580,+3.49, +6.296,+11.534,+0.995
1529118180,+3.50, +6.335,+11.483,+0.994
1529118780,+3.50, +6.355,+11.500,+0.994
1529119380,+3.50, +6.326,+11.507,+0.994
1529119980,+3.49, +6.296,+11.515,+0.995
1529120580,+3.49, +6.443,+11.530,+0.994
1529121180,+3.49, +6.394,+11.504,+0.994
1529121780,+3.49, +6.326,+11.528,+0.995
1529122380,+3.50, +6.257,+11.550,+0.995
1529122980,+3.49, +6.306,+11.557,+0.994
1529123580,+3.50, +6.423,+11.526,+0.994
1529124180,+3.50, +6.472,+11.579,+0.995
1529124780,+3.50, +6.802,+11.596,+0.994
1529125380,+3.50, +6.618,+11.508,+0.994
1529125980,+3.50, +6.656,+11.614,+0.994
1529126580,+3.50, +7.110,+11.617,+0.994
1529127180,+3.50, +7.139,+11.576,+0.994
1529127780,+3.50, +7.254,+11.560,+0.994
1529128380,+3.50, +7.245,+11.548,+0.994
1529128980,+3.49, +7.206,+11.554,+0.994
1529129580,+3.50, +7.226,+11.525,+0.994
1529130180,+3.50, +7.149,+11.542,+0.994
1529130780,+3.50, +7.168,+11.593,+0.994
1529131380,+3.50, +7.216,+11.562,+0.994
1529131980,+3.50, +7.168,+11.605,+0.994
1529132580,+3.50, +7.072,+11.557,+0.994
1529133180,+3.50, +7.178,+11.563,+0.994
1529133780,+3.50, +6.976,+11.570,+0.994
1529134380,+3.50, +7.043,+11.513,+0.994
1529134980,+3.50, +7.004,+11.510,+0.994
1529135580,+3.50, +6.966,+11.518,+0.994
1529136180,+3.50, +6.860,+11.557,+0.994
1529136780,+3.50, +6.831,+11.528,+0.994
1529137380,+3.50, +6.734,+11.544,+0.994
1529137980,+3.50, +6.676,+11.543,+0.994
1529138580,+3.50, +6.763,+11.513,+0.994
1529139180,+3.50, +6.782,+11.522,+0.994
1529139780,+3.50, +6.802,+11.496,+0.994
1529140380,+3.50, +6.782,+11.476,+0.994
1529140980,+3.50, +6.666,+11.494,+0.994
1529141580,+3.50, +6.647,+11.489,+0.994
1529142180,+3.50, +6.579,+11.505,+0.994
1529142780,+3.50, +6.589,+11.517,+0.994
1529143380,+3.50, +6.637,+11.538,+0.995
1529143980,+3.50, +6.840,+11.516,+0.994
1529144580,+3.50, +6.879,+11.513,+0.994
1529145180,+3.50, +6.821,+11.543,+0.994
1529145780,+3.50, +6.869,+11.505,+0.994
1529146380,+3.50, +7.004,+11.521,+0.994
1529146980,+3.50, +6.976,+11.516,+0.994
1529147580,+3.50, +7.139,+11.491,+0.994
1529148180,+3.50, +7.053,+11.534,+0.994
1529148780,+3.50, +7.197,+11.487,+0.994
1529149380,+3.50, +7.130,+11.503,+0.994
1529149980,+3.50, +7.101,+11.524,+0.994
1529150580,+3.50, +7.130,+11.512,+0.994
1529151180,+3.50, +7.130,+11.504,+0.994
1529151780,+3.50, +7.091,+11.505,+0.994
1529152380,+3.50, +7.149,+11.489,+0.994
1529152980,+3.50, +7.120,+11.518,+0.994
1529153580,+3.50, +7.158,+11.494,+0.994
1529154180,+3.50, +7.178,+11.472,+0.994
1529154780,+3.50, +7.072,+11.473,+0.994
1529155380,+3.50, +7.014,+11.482,+0.994
1529155980,+3.50, +6.898,+11.556,+0.994
