7450-772031
OS REV: 1.03 Sensor Cal: 1524171748
Time (sec),  BV (Volts),  T (deg C),  DO (mg/l),  Q ()
1535333580,+3.51, +9.003,+10.173,+0.990
1535334180,+3.51, +8.994,+10.214,+0.990
1535334780,+3.51, +9.272,+10.130,+0.990
1535335380,+3.51, +9.105,+10.159,+0.989
1535335980,+3.51, +9.124,+10.207,+0.990
1535336580,+3.51, +9.133,+10.173,+0.990
1535337180,+3.51, +9.096,+10.156,+0.990
1535337780,+3.51, +9.031,+10.092,+0.990
1535338380,+3.51, +9.003,+10.082,+0.989
1535338980,+3.51, +8.966,+10.098,+0.990
1535339580,+3.51, +8.975,+10.077,+0.989
1535340180,+3.51, +8.984,+10.112,+0.990
1535340780,+3.51, +9.012,+10.102,+0.990
1535341380,+3.51, +9.021,+10.108,+0.990
1535341980,+3.51, +9.003,+10.137,+0.990
1535342580,+3.51, +8.928,+10.114,+0.990
1535343180,+3.51, +9.040,+10.084,+0.990
1535343780,+3.51, +8.994,+10.070,+0.990
1535344380,+3.51, +8.994,+10.075,+0.990
1535344980,+3.51, +8.966,+10.100,+0.990
1535345580,+3.51, +8.994,+10.107,+0.990
1535346180,+3.51, +9.059,+10.131,+0.990
1535346780,+3.51, +9.049,+10.129,+0.990
1535347380,+3.51, +9.142,+10.087,+0.990
1535347980,+3.51, +9.152,+10.090,+0.990
1535348580,+3.51, +9.068,+10.087,+0.990
1535349180,+3.51, +9.105,+10.057,+0.990
1535349780,+3.51, +9.068,+10.078,+0.990
1535350380,+3.51, +9.142,+10.016,+0.989
1535350980,+3.51, +9.105,+10.071,+0.990
1535351580,+3.51, +9.207,+10.027,+0.990
1535352180,+3.51, +9.180,+10.038,+0.990
1535352780,+3.51, +9.207,+10.063,+0.990
1535353380,+3.51, +9.207,+10.049,+0.990
1535353980,+3.51, +9.374, +9.968,+0.989
1535354580,+3.51, +9.374,+10.032,+0.990
1535355180,+3.51, +9.189,+10.047,+0.990
1535355780,+3.51, +9.365, +9.980,+0.989
1535356380,+3.51, +9.522,+10.066,+0.990
1535356980,+3.51, +9.531,+10.067,+0.990
1535357580,+3.51, +9.605,+10.082,+0.989
1535358180,+3.51, +9.531,+10.088,+0.989
1535358780,+3.51, +9.559,+10.066,+0.989
1535359380,+3.51, +9.605,+10.104,+0.989
1535359980,+3.51, +9.587,+10.090,+0.990
1535360580,+3.51, +9.494,+10.111,+0.990
1535361180,+3.51, +9.541,+10.051,+0.989
1535361780,+3.51, +9.448,+10.052,+0.990
1535362380,+3.51, +9.402,+10.054,+0.989
1535362980,+3.51, +9.411,+10.047,+0.990
1535363580,+3.51, +9.346,+10.045,+0.989
1535364180,+3.51, +9.300,+10.034,+0.989
1535364780,+3.51, +9.365, +9.993,+0.989
1535365380,+3.51, +9.300, +9.984,+0.990
1535365980,+3.51, +9.319,+10.001,+0.990
1535366580,+3.51, +9.272,+10.032,+0.989
1535367180,+3.51, +9.282,+10.023,+0.990
1535367780,+3.51, +9.189,+10.017,+0.990
1535368380,+3.51, +9.040,+10.025,+0.990
1535368980,+3.51, +9.049,+10.041,+0.990
1535369580,+3.51, +9.170, +9.991,+0.990
1535370180,+3.51, +9.152,+10.014,+0.990
1535370780,+3.51, +9.133,+10.108,+0.990
1535371380,+3.51, +9.012,+10.114,+0.990
1535371980,+3.51, +9.040,+10.091,+0.990
1535372580,+3.51, +8.816,+10.100,+0.990
1535373180,+3.51, +9.114,+10.128,+0.990
1535373780,+3.51, +9.077,+10.069,+0.990
1535374380,+3.51, +8.994,+10.096,+0.990
1535374980,+3.51, +9.077,+10.100,+0.990
1535375580,+3.51, +8.994,+10.166,+0.990
1535376180,+3.51, +9.161,+10.131,+0.990
1535376780,+3.51, +9.300,+10.201,+0.990
1535377380,+3.51, +9.152,+10.110,+0.990
1535377980,+3.51, +9.161,+10.147,+0.990
1535378580,+3.51, +9.161,+10.102,+0.990
1535379180,+3.51, +9.346,+10.068,+0.989
1535379780,+3.51, +9.476,+10.031,+0.989
1535380380,+3.51, +9.346,+10.051,+0.989
1535380980,+3.51, +9.012,+10.132,+0.990
1535381580,+3.51, +9.272,+10.116,+0.990
1535382180,+3.51, +8.994,+10.118,+0.989
1535382780,+3.51, +8.956,+10.150,+0.990
1535383380,+3.51, +8.807,+10.103,+0.990
1535383980,+3.51, +8.732,+10.114,+0.990
1535384580,+3.51, +8.835,+10.088,+0.990
1535385180,+3.51, +8.779,+10.114,+0.990
1535385780,+3.51, +8.900,+10.173,+0.990
1535386380,+3.51, +8.984,+10.154,+0.990
1535386980,+3.51, +9.068,+10.102,+0.990
1535387580,+3.51, +9.337,+10.110,+0.989
1535388180,+3.51, +9.458,+10.175,+0.989
1535388780,+3.51, +9.559,+10.137,+0.990
1535389380,+3.51, +9.799,+10.160,+0.989
1535389980,+3.51, +9.835,+10.094,+0.989
1535390580,+3.51, +9.633,+10.093,+0.989
1535391180,+3.51, +9.430,+10.122,+0.990
1535391780,+3.51, +9.494,+10.156,+0.990
1535392380,+3.51, +9.541,+10.152,+0.990
1535392980,+3.51, +9.633,+10.108,+0.989
1535393580,+3.51, +9.725,+10.145,+0.990
1535394180,+3.51, +9.661,+10.142,+0.989
1535394780,+3.51, +9.826,+10.076,+0.989
1535395380,+3.51, +9.522,+10.130,+0.990
1535395980,+3.51, +9.937,+10.125,+0.990
1535396580,+3.51, +9.872,+10.097,+0.989
1535397180,+3.51,+10.175,+10.073,+0.989
1535397780,+3.51, +9.973,+10.124,+0.989
1535398380,+3.51, +9.891,+10.135,+0.989
1535398980,+3.51, +9.817,+10.090,+0.989
1535399580,+3.51, +9.872,+10.048,+0.989
1535400180,+3.51, +9.661,+10.084,+0.989
1535400780,+3.51, +9.550,+10.102,+0.989
1535401380,+3.51, +9.596,+10.075,+0.989
1535401980,+3.51, +9.559,+10.089,+0.989
1535402580,+3.51, +9.633,+10.063,+0.989
1535403180,+3.51, +9.541,+10.061,+0.989
1535403780,+3.51, +9.458,+10.075,+0.989
1535404380,+3.51, +9.642,+10.097,+0.989
1535404980,+3.51, +9.578,+10.155,+0.990
1535405580,+3.51, +9.937,+10.134,+0.990
1535406180,+3.51, +9.790,+10.102,+0.990
1535406780,+3.51, +9.716,+10.109,+0.990
1535407380,+3.51, +9.881,+10.086,+0.989
1535407980,+3.51, +9.578,+10.055,+0.989
1535408580,+3.51, +9.679,+10.048,+0.989
1535409180,+3.51, +9.578,+10.084,+0.990
1535409780,+3.51, +9.734,+10.038,+0.989
1535410380,+3.51, +9.872,+10.089,+0.990
1535410980,+3.51, +9.808,+10.059,+0.989
1535411580,+3.51, +9.743,+10.023,+0.989
1535412180,+3.51, +9.790,+10.031,+0.989
1535412780,+3.51, +9.541,+10.100,+0.990
1535413380,+3.51, +9.522,+10.089,+0.990
1535413980,+3.51, +9.522,+10.093,+0.989
1535414580,+3.51, +9.448,+10.097,+0.990
1535415180,+3.51, +9.319,+10.107,+0.990
1535415780,+3.51, +9.328,+10.147,+0.990
1535416380,+3.51, +9.374,+10.082,+0.989
1535416980,+3.51, +9.161,+10.047,+0.989
1535417580,+3.51, +9.365,+10.097,+0.989
1535418180,+3.51, +9.152,+10.126,+0.990
1535418780,+3.51, +9.105,+10.111,+0.990
1535419380,+3.51, +9.198,+10.139,+0.990
1535419980,+3.51, +9.170,+10.171,+0.990
