7450-552282
OS REV: 1.03 Sensor Cal: 1524170811
Time (sec),  BV (Volts),  T (deg C),  DO (mg/l),  Q ()
1533419520,+3.48, +5.828,+10.561,+0.996
1533420120,+3.48, +5.828,+10.479,+0.996
1533420720,+3.48, +5.769,+10.508,+0.996
1533421320,+3.48, +5.838,+10.480,+0.996
1533421920,+3.48, +5.808,+10.518,+0.996
1533422520,+3.48, +5.828,+10.466,+0.996
1533423120,+3.48, +5.808,+10.461,+0.996
1533423720,+3.48, +5.749,+10.554,+0.996
1533424320,+3.48, +5.867,+10.482,+0.996
1533424920,+3.48, +5.788,+10.510,+0.996
1533425520,+3.48, +5.779,+10.489,+0.996
1533426120,+3.48, +5.729,+10.427,+0.996
1533426720,+3.48, +5.739,+10.483,+0.996
1533427320,+3.48, +5.729,+10.493,+0.996
1533427920,+3.48, +5.660,+10.495,+0.996
1533428520,+3.48, +5.660,+10.354,+0.996
1533429120,+3.48, +5.700,+10.340,+0.996
1533429720,+3.48, +5.739,+10.314,+0.996
1533430320,+3.48, +5.660,+10.346,+0.996
1533430920,+3.48, +5.641,+10.355,+0.996
1533431520,+3.48, +5.690,+10.328,+0.996
1533432120,+3.48, +5.611,+10.372,+0.996
1533432720,+3.48, +5.631,+10.379,+0.996
1533433320,+3.48, +5.651,+10.409,+0.997
1533433920,+3.48, +5.670,+10.360,+0.996
1533434520,+3.48, +5.601,+10.356,+0.996
1533435120,+3.48, +5.601,+10.363,+0.996
1533435720,+3.48, +5.562,+10.383,+0.996
1533436320,+3.48, +5.651,+10.357,+0.996
1533436920,+3.48, +5.601,+10.389,+0.996
1533437520,+3.48, +5.670,+10.374,+0.996
1533438120,+3.48, +5.631,+10.423,+0.996
1533438720,+3.48, +5.680,+10.396,+0.996
1533439320,+3.48, +5.651,+10.353,+0.996
1533439920,+3.48, +5.670,+10.359,+0.996
1533440520,+3.48, +5.660,+10.374,+0.996
1533441120,+3.48, +5.720,+10.468,+0.996
1533441720,+3.48, +5.690,+10.482,+0.996
1533442320,+3.48, +5.739,+10.435,+0.996
1533442920,+3.48, +5.739,+10.453,+0.996
1533443520,+3.48, +5.670,+10.460,+0.996
1533444120,+3.48, +5.749,+10.437,+0.996
1533444720,+3.48, +5.729,+10.430,+0.996
1533445320,+3.48, +5.779,+10.425,+0.996
1533445920,+3.48, +5.651,+10.435,+0.996
1533446520,+3.48, +5.641,+10.343,+0.996
1533447120,+3.48, +5.749,+10.334,+0.996
1533447720,+3.48, +5.670,+10.369,+0.996
1533448320,+3.48, +5.729,+10.320,+0.996
1533448920,+3.48, +5.660,+10.383,+0.996
1533449520,+3.48, +5.690,+10.288,+0.996
1533450120,+3.48, +5.759,+10.463,+0.996
1533450720,+3.48, +5.808,+10.605,+0.996
1533451320,+3.48, +5.867,+10.585,+0.996
1533451920,+3.48, +5.818,+10.537,+0.996
1533452520,+3.48, +5.788,+10.703,+0.997
1533453120,+3.48, +5.896,+10.611,+0.996
1533453720,+3.48, +5.779,+10.647,+0.996
1533454320,+3.48, +5.838,+10.640,+0.996
1533454920,+3.48, +5.818,+10.594,+0.996
1533455520,+3.48, +5.739,+10.588,+0.996
1533456120,+3.48, +5.710,+10.617,+0.996
1533456720,+3.48, +5.877,+10.602,+0.996
1533457320,+3.48, +5.838,+10.665,+0.996
1533457920,+3.48, +5.877,+10.601,+0.996
1533458520,+3.48, +5.857,+10.630,+0.996
1533459120,+3.48, +5.808,+10.496,+0.996
1533459720,+3.48, +5.769,+10.526,+0.996
1533460320,+3.48, +5.808,+10.509,+0.996
1533460920,+3.48, +5.828,+10.466,+0.996
1533461520,+3.48, +5.729,+10.500,+0.996
1533462120,+3.48, +5.759,+10.471,+0.997
1533462720,+3.48, +5.887,+10.667,+0.997
1533463320,+3.48, +5.749,+10.547,+0.996
1533463920,+3.48, +5.808,+10.434,+0.996
1533464520,+3.48, +5.788,+10.472,+0.996
1533465120,+3.48, +5.729,+10.429,+0.996
1533465720,+3.48, +5.749,+10.428,+0.997
1533466320,+3.48, +5.621,+10.388,+0.996
1533466920,+3.48, +5.621,+10.350,+0.996
1533467520,+3.48, +5.641,+10.401,+0.996
1533468120,+3.48, +5.739,+10.444,+0.996
1533468720,+3.48, +5.710,+10.353,+0.996
1533469320,+3.48, +5.651,+10.364,+0.996
1533469920,+3.48, +5.641,+10.374,+0.996
1533470520,+3.48, +5.601,+10.403,+0.997
1533471120,+3.48, +5.631,+10.360,+0.996
1533471720,+3.48, +5.572,+10.391,+0.996
1533472320,+3.48, +5.581,+10.408,+0.996
1533472920,+3.48, +5.601,+10.405,+0.997
1533473520,+3.48, +5.621,+10.386,+0.996
1533474120,+3.48, +5.601,+10.389,+0.996
1533474720,+3.48, +5.601,+10.383,+0.996
1533475320,+3.48, +5.572,+10.449,+0.996
1533475920,+3.48, +5.621,+10.442,+0.996
1533476520,+3.48, +5.572,+10.482,+0.996
1533477120,+3.48, +5.591,+10.427,+0.996
1533477720,+3.48, +5.621,+10.373,+0.996
1533478320,+3.48, +5.591,+10.312,+0.996
1533478920,+3.48, +5.562,+10.350,+0.996
1533479520,+3.48, +5.601,+10.345,+0.996
1533480120,+3.48, +5.552,+10.355,+0.996
1533480720,+3.48, +5.572,+10.345,+0.996
1533481320,+3.48, +5.572,+10.400,+0.996
1533481920,+3.48, +5.601,+10.324,+0.996
1533482520,+3.48, +5.631,+10.371,+0.996
1533483120,+3.48, +5.631,+10.407,+0.996
1533483720,+3.48, +5.651,+10.421,+0.996
1533484320,+3.48, +5.660,+10.491,+0.996
1533484920,+3.48, +5.710,+10.492,+0.996
1533485520,+3.48, +5.739,+10.543,+0.996
1533486120,+3.48, +5.690,+10.560,+0.996
1533486720,+3.48, +5.700,+10.564,+0.996
1533487320,+3.48, +5.729,+10.566,+0.997
1533487920,+3.48, +5.700,+10.556,+0.996
1533488520,+3.48, +5.739,+10.482,+0.996
1533489120,+3.48, +5.690,+10.494,+0.996
1533489720,+3.48, +5.729,+10.503,+0.996
1533490320,+3.48, +5.769,+10.433,+0.996
1533490920,+3.48, +5.710,+10.454,+0.996
1533491520,+3.48, +5.749,+10.468,+0.996
1533492120,+3.48, +5.759,+10.481,+0.996
1533492720,+3.48, +5.729,+10.465,+0.997
1533493320,+3.48, +5.720,+10.413,+0.996
1533493920,+3.48, +5.680,+10.390,+0.996
1533494520,+3.48, +5.739,+10.366,+0.996
1533495120,+3.48, +5.631,+10.414,+0.997
1533495720,+3.48, +5.660,+10.303,+0.996
1533496320,+3.48, +5.611,+10.307,+0.996
1533496920,+3.48, +5.690,+10.290,+0.996
1533497520,+3.48, +5.700,+10.432,+0.996
1533498120,+3.48, +5.700,+10.385,+0.996
1533498720,+3.48, +5.710,+10.301,+0.996
1533499320,+3.48, +5.670,+10.333,+0.996
1533499920,+3.48, +5.710,+10.342,+0.996
1533500520,+3.48, +5.670,+10.426,+0.996
1533501120,+3.48, +5.720,+10.392,+0.996
1533501720,+3.48, +5.749,+10.401,+0.996
1533502320,+3.48, +5.720,+10.439,+0.996
1533502920,+3.48, +5.710,+10.505,+0.997
1533503520,+3.48, +5.769,+10.537,+0.996
1533504120,+3.48, +5.857,+10.630,+0.996
1533504720,+3.48, +5.906,+10.584,+0.996
1533505320,+3.48, +6.073,+10.657,+0.996
1533505920,+3.48, +5.867,+10.562,+0.996
