7450-552282
OS REV: 1.03 Sensor Cal: 1524170811
Time (sec),  BV (Volts),  T (deg C),  DO (mg/l),  Q ()
1530809520,+3.48, +5.572,+11.113,+0.995
1530810120,+3.48, +5.572,+11.130,+0.996
1530810720,+3.48, +5.562,+11.101,+0.995
1530811320,+3.48, +5.552,+11.131,+0.995
1530811920,+3.48, +5.572,+11.159,+0.996
1530812520,+3.48, +5.581,+11.138,+0.996
1530813120,+3.48, +5.572,+11.106,+0.996
1530813720,+3.48, +5.502,+11.088,+0.996
1530814320,+3.48, +5.512,+11.086,+0.996
1530814920,+3.48, +5.483,+11.064,+0.995
1530815520,+3.48, +5.344,+11.050,+0.995
1530816120,+3.48, +5.413,+10.964,+0.995
1530816720,+3.48, +5.294,+10.993,+0.995
1530817320,+3.48, +5.215,+11.006,+0.996
1530817920,+3.48, +5.255,+10.963,+0.996
1530818520,+3.48, +5.304,+10.940,+0.995
1530819120,+3.48, +5.275,+11.001,+0.996
1530819720,+3.48, +5.374,+10.980,+0.995
1530820320,+3.48, +5.384,+11.029,+0.996
1530820920,+3.48, +5.512,+11.086,+0.995
1530821520,+3.48, +5.542,+11.157,+0.995
1530822120,+3.48, +5.611,+11.146,+0.995
1530822720,+3.48, +5.581,+11.115,+0.995
1530823320,+3.48, +5.572,+11.100,+0.996
1530823920,+3.48, +5.493,+11.031,+0.995
1530824520,+3.48, +5.403,+11.105,+0.996
1530825120,+3.48, +5.493,+11.116,+0.996
1530825720,+3.48, +5.502,+11.072,+0.995
1530826320,+3.48, +5.483,+11.090,+0.996
1530826920,+3.48, +5.502,+11.058,+0.995
1530827520,+3.48, +5.443,+11.090,+0.996
1530828120,+3.48, +5.522,+11.117,+0.995
1530828720,+3.48, +5.581,+11.123,+0.995
1530829320,+3.48, +5.700,+11.128,+0.995
1530829920,+3.48, +5.680,+11.112,+0.995
1530830520,+3.48, +5.651,+11.102,+0.996
1530831120,+3.48, +5.631,+11.107,+0.996
1530831720,+3.48, +5.581,+11.128,+0.995
1530832320,+3.48, +5.581,+11.122,+0.996
1530832920,+3.48, +5.532,+11.097,+0.996
1530833520,+3.48, +5.572,+11.078,+0.995
1530834120,+3.48, +5.562,+11.082,+0.996
1530834720,+3.48, +5.572,+11.071,+0.995
1530835320,+3.48, +5.552,+11.068,+0.995
1530835920,+3.48, +5.552,+11.067,+0.996
1530836520,+3.48, +5.493,+11.068,+0.995
1530837120,+3.48, +5.512,+11.081,+0.996
1530837720,+3.48, +5.483,+11.121,+0.995
1530838320,+3.48, +5.532,+11.138,+0.996
1530838920,+3.48, +5.621,+11.090,+0.996
1530839520,+3.48, +5.562,+11.124,+0.996
1530840120,+3.48, +5.532,+11.096,+0.996
1530840720,+3.48, +5.493,+11.056,+0.996
1530841320,+3.48, +5.403,+11.049,+0.996
1530841920,+3.48, +5.453,+11.046,+0.996
1530842520,+3.48, +5.473,+11.068,+0.996
1530843120,+3.48, +5.453,+11.056,+0.995
1530843720,+3.48, +5.413,+11.050,+0.995
1530844320,+3.48, +5.433,+11.064,+0.995
1530844920,+3.48, +5.512,+11.074,+0.995
1530845520,+3.48, +5.443,+11.081,+0.996
1530846120,+3.48, +5.473,+11.038,+0.995
1530846720,+3.48, +5.522,+11.009,+0.996
1530847320,+3.48, +5.483,+11.023,+0.996
1530847920,+3.48, +5.463,+11.052,+0.995
1530848520,+3.48, +5.532,+11.087,+0.996
1530849120,+3.48, +5.581,+11.090,+0.996
1530849720,+3.48, +5.522,+11.112,+0.996
1530850320,+3.48, +5.572,+11.091,+0.996
1530850920,+3.48, +5.562,+11.100,+0.996
1530851520,+3.48, +5.591,+11.065,+0.995
1530852120,+3.48, +5.572,+11.093,+0.996
1530852720,+3.48, +5.601,+11.081,+0.996
1530853320,+3.48, +5.512,+11.120,+0.995
1530853920,+3.48, +5.562,+11.094,+0.996
1530854520,+3.48, +5.572,+11.088,+0.996
1530855120,+3.48, +5.581,+11.098,+0.996
1530855720,+3.48, +5.641,+11.096,+0.996
1530856320,+3.48, +5.631,+11.077,+0.995
1530856920,+3.48, +5.651,+11.097,+0.996
1530857520,+3.48, +5.611,+11.104,+0.996
1530858120,+3.48, +5.660,+11.114,+0.995
1530858720,+3.48, +5.641,+11.107,+0.995
1530859320,+3.48, +5.680,+11.103,+0.996
1530859920,+3.48, +5.739,+11.082,+0.995
1530860520,+3.48, +5.651,+11.162,+0.995
1530861120,+3.48, +5.651,+11.147,+0.996
1530861720,+3.48, +5.710,+11.116,+0.995
1530862320,+3.48, +5.660,+11.097,+0.995
1530862920,+3.48, +5.660,+11.117,+0.996
1530863520,+3.48, +5.759,+11.107,+0.996
1530864120,+3.48, +5.808,+11.077,+0.995
1530864720,+3.48, +5.759,+11.124,+0.996
1530865320,+3.48, +5.779,+11.102,+0.995
1530865920,+3.48, +5.769,+11.123,+0.996
1530866520,+3.48, +5.690,+11.152,+0.996
1530867120,+3.48, +5.759,+11.132,+0.996
1530867720,+3.48, +5.798,+11.121,+0.996
1530868320,+3.48, +5.660,+11.158,+0.996
1530868920,+3.48, +5.680,+11.152,+0.996
1530869520,+3.48, +5.710,+11.168,+0.996
1530870120,+3.48, +5.739,+11.164,+0.995
1530870720,+3.48, +5.847,+11.154,+0.995
1530871320,+3.48, +5.818,+11.202,+0.996
1530871920,+3.48, +5.808,+11.170,+0.996
1530872520,+3.48, +5.808,+11.126,+0.995
1530873120,+3.48, +5.749,+11.128,+0.996
1530873720,+3.48, +5.857,+11.140,+0.996
1530874320,+3.48, +5.877,+11.155,+0.995
1530874920,+3.48, +5.808,+11.116,+0.996
1530875520,+3.48, +5.818,+11.048,+0.996
1530876120,+3.48, +5.867,+11.010,+0.996
1530876720,+3.48, +5.798,+11.038,+0.996
1530877320,+3.48, +5.887,+11.011,+0.996
1530877920,+3.48, +5.887,+11.003,+0.996
1530878520,+3.48, +5.838,+11.031,+0.996
1530879120,+3.48, +5.828,+11.067,+0.996
1530879720,+3.48, +5.906,+11.124,+0.996
1530880320,+3.48, +5.877,+11.051,+0.996
1530880920,+3.48, +5.916,+11.053,+0.996
1530881520,+3.48, +5.867,+11.101,+0.996
1530882120,+3.48, +5.936,+11.141,+0.995
1530882720,+3.48, +5.877,+11.188,+0.996
1530883320,+3.48, +5.965,+11.145,+0.996
1530883920,+3.48, +5.975,+11.078,+0.996
1530884520,+3.48, +5.877,+11.126,+0.996
1530885120,+3.48, +5.936,+11.102,+0.995
1530885720,+3.48, +5.857,+11.057,+0.996
1530886320,+3.48, +5.955,+10.991,+0.995
1530886920,+3.48, +5.867,+11.025,+0.995
1530887520,+3.48, +5.906,+11.005,+0.995
1530888120,+3.48, +5.779,+11.023,+0.996
1530888720,+3.48, +5.887,+11.005,+0.996
1530889320,+3.48, +5.867,+11.033,+0.996
1530889920,+3.48, +5.965,+10.996,+0.995
1530890520,+3.48, +5.926,+11.020,+0.996
1530891120,+3.48, +6.004,+11.058,+0.996
1530891720,+3.48, +6.024,+11.080,+0.996
1530892320,+3.48, +6.024,+11.086,+0.996
1530892920,+3.48, +6.024,+11.081,+0.996
1530893520,+3.48, +6.004,+11.053,+0.996
1530894120,+3.48, +6.014,+11.009,+0.996
1530894720,+3.48, +5.926,+11.044,+0.996
1530895320,+3.48, +5.936,+11.045,+0.996
1530895920,+3.48, +5.965,+11.018,+0.996
