7450-506814
OS REV: 1.03 Sensor Cal: 1524163967
Time (sec),  BV (Volts),  T (deg C),  DO (mg/l),  Q ()
1531418580,+3.49, +6.880,+11.131,+0.979
1531419180,+3.49, +6.851,+11.136,+0.979
1531419780,+3.49, +6.937,+11.103,+0.979
1531420380,+3.49, +6.957,+11.136,+0.979
1531420980,+3.49, +7.015,+11.129,+0.979
1531421580,+3.49, +7.101,+11.126,+0.979
1531422180,+3.49, +7.178,+11.038,+0.979
1531422780,+3.49, +7.130,+11.040,+0.979
1531423380,+3.49, +7.216,+11.037,+0.979
1531423980,+3.49, +7.274,+11.031,+0.979
1531424580,+3.49, +7.120,+11.068,+0.979
1531425180,+3.49, +7.082,+11.079,+0.979
1531425780,+3.49, +7.082,+11.045,+0.978
1531426380,+3.49, +7.063,+11.086,+0.979
1531426980,+3.49, +7.091,+11.118,+0.979
1531427580,+3.49, +7.111,+11.106,+0.979
1531428180,+3.49, +7.082,+11.121,+0.979
1531428780,+3.49, +7.091,+11.083,+0.979
1531429380,+3.49, +7.216,+11.021,+0.979
1531429980,+3.49, +7.130,+11.030,+0.979
1531430580,+3.49, +7.120,+11.026,+0.979
1531431180,+3.49, +7.005,+11.113,+0.979
1531431780,+3.49, +7.053,+11.090,+0.979
1531432380,+3.49, +7.082,+11.046,+0.979
1531432980,+3.49, +7.159,+11.077,+0.978
1531433580,+3.49, +7.226,+11.072,+0.979
1531434180,+3.49, +7.188,+11.109,+0.979
1531434780,+3.49, +7.341,+11.130,+0.979
1531435380,+3.49, +7.236,+11.069,+0.978
1531435980,+3.49, +7.312,+11.030,+0.979
1531436580,+3.49, +7.379,+11.036,+0.978
1531437180,+3.49, +7.283,+11.028,+0.979
1531437780,+3.49, +7.283,+11.066,+0.979
1531438380,+3.49, +7.427,+11.065,+0.978
1531438980,+3.49, +7.360,+11.087,+0.979
1531439580,+3.49, +7.341,+11.092,+0.979
1531440180,+3.49, +7.264,+11.084,+0.979
1531440780,+3.49, +7.293,+11.051,+0.979
1531441380,+3.49, +7.331,+11.067,+0.979
1531441980,+3.49, +7.398,+11.091,+0.978
1531442580,+3.49, +7.331,+11.135,+0.979
1531443180,+3.49, +7.264,+11.123,+0.978
1531443780,+3.49, +7.293,+11.095,+0.979
1531444380,+3.49, +7.159,+11.134,+0.979
1531444980,+3.49, +7.120,+11.157,+0.979
1531445580,+3.49, +7.236,+11.077,+0.979
1531446180,+3.49, +7.120,+11.125,+0.979
1531446780,+3.49, +7.082,+11.139,+0.979
1531447380,+3.49, +7.101,+11.118,+0.979
1531447980,+3.49, +7.072,+11.147,+0.979
1531448580,+3.49, +7.063,+11.128,+0.979
1531449180,+3.49, +7.015,+11.150,+0.979
1531449780,+3.49, +7.034,+11.123,+0.979
1531450380,+3.49, +7.101,+11.109,+0.978
1531450980,+3.49, +7.101,+11.094,+0.979
1531451580,+3.49, +7.063,+11.125,+0.979
1531452180,+3.49, +7.072,+11.123,+0.979
1531452780,+3.49, +7.072,+11.127,+0.979
1531453380,+3.49, +7.043,+11.125,+0.979
1531453980,+3.49, +7.082,+11.106,+0.979
1531454580,+3.49, +7.130,+11.122,+0.979
1531455180,+3.49, +7.197,+11.076,+0.978
1531455780,+3.49, +7.005,+11.135,+0.979
1531456380,+3.49, +6.918,+11.154,+0.979
1531456980,+3.49, +7.005,+11.136,+0.979
1531457580,+3.49, +6.976,+11.105,+0.979
1531458180,+3.49, +6.918,+11.123,+0.979
1531458780,+3.49, +6.976,+11.104,+0.979
1531459380,+3.49, +6.947,+11.135,+0.979
1531459980,+3.49, +7.034,+11.107,+0.978
1531460580,+3.49, +6.995,+11.128,+0.979
1531461180,+3.49, +6.986,+11.119,+0.979
1531461780,+3.49, +7.005,+11.108,+0.978
1531462380,+3.49, +6.995,+11.112,+0.979
1531462980,+3.49, +7.005,+11.083,+0.979
1531463580,+3.49, +6.947,+11.118,+0.979
1531464180,+3.49, +6.966,+11.094,+0.978
1531464780,+3.49, +6.899,+11.122,+0.979
1531465380,+3.49, +6.880,+11.124,+0.979
1531465980,+3.49, +6.976,+11.088,+0.979
1531466580,+3.49, +6.976,+11.130,+0.979
1531467180,+3.49, +6.957,+11.101,+0.979
1531467780,+3.49, +6.947,+11.071,+0.979
1531468380,+3.49, +6.966,+11.120,+0.978
1531468980,+3.49, +6.937,+11.134,+0.979
1531469580,+3.49, +6.957,+11.122,+0.979
1531470180,+3.49, +6.966,+11.124,+0.979
1531470780,+3.49, +6.937,+11.147,+0.979
1531471380,+3.49, +6.957,+11.152,+0.979
1531471980,+3.49, +6.947,+11.139,+0.979
1531472580,+3.49, +6.928,+11.161,+0.979
1531473180,+3.49, +7.063,+11.120,+0.979
1531473780,+3.49, +7.072,+11.154,+0.979
1531474380,+3.49, +7.427,+11.115,+0.979
1531474980,+3.49, +7.580,+11.115,+0.979
1531475580,+3.49, +7.427,+11.087,+0.978
1531476180,+3.49, +7.370,+11.101,+0.979
1531476780,+3.49, +7.360,+11.109,+0.979
1531477380,+3.49, +7.551,+11.117,+0.978
1531477980,+3.49, +7.475,+11.129,+0.979
1531478580,+3.49, +8.234,+11.105,+0.978
1531479180,+3.49, +7.818,+11.054,+0.978
1531479780,+3.49, +7.675,+11.102,+0.979
1531480380,+3.49, +7.322,+11.097,+0.979
1531480980,+3.49, +7.322,+11.098,+0.979
1531481580,+3.49, +7.293,+11.081,+0.979
1531482180,+3.49, +7.331,+11.145,+0.979
1531482780,+3.49, +8.083,+11.107,+0.978
1531483380,+3.49, +7.960,+11.069,+0.978
1531483980,+3.49, +7.969,+11.082,+0.978
1531484580,+3.49, +7.742,+11.102,+0.978
1531485180,+3.49, +7.913,+11.056,+0.978
1531485780,+3.49, +7.713,+11.110,+0.979
1531486380,+3.49, +7.770,+11.076,+0.978
1531486980,+3.49, +7.799,+11.093,+0.979
1531487580,+3.49, +7.656,+11.117,+0.979
1531488180,+3.49, +7.761,+11.097,+0.979
1531488780,+3.49, +7.865,+11.078,+0.978
1531489380,+3.49, +7.846,+11.090,+0.978
1531489980,+3.49, +7.856,+11.084,+0.978
1531490580,+3.49, +7.818,+11.107,+0.978
1531491180,+3.49, +7.931,+11.068,+0.978
1531491780,+3.49, +7.894,+11.082,+0.978
1531492380,+3.49, +7.931,+11.056,+0.978
1531492980,+3.49, +7.913,+11.075,+0.978
1531493580,+3.49, +7.931,+11.063,+0.978
1531494180,+3.49, +7.960,+11.047,+0.978
1531494780,+3.49, +7.922,+11.071,+0.978
1531495380,+3.49, +8.045,+11.029,+0.978
1531495980,+3.49, +8.073,+11.037,+0.978
1531496580,+3.49, +8.130,+11.034,+0.978
1531497180,+3.49, +8.168,+11.006,+0.978
1531497780,+3.49, +8.177,+11.005,+0.978
1531498380,+3.49, +8.121,+11.040,+0.978
1531498980,+3.49, +8.158,+11.049,+0.978
1531499580,+3.49, +8.140,+11.027,+0.978
1531500180,+3.49, +8.055,+11.028,+0.978
1531500780,+3.49, +8.092,+11.021,+0.978
1531501380,+3.49, +7.950,+11.055,+0.978
1531501980,+3.49, +7.884,+11.088,+0.979
1531502580,+3.49, +7.922,+11.069,+0.979
1531503180,+3.49, +7.818,+11.092,+0.979
1531503780,+3.49, +7.780,+11.098,+0.979
1531504380,+3.49, +7.827,+11.094,+0.979
1531504980,+3.49, +7.789,+11.110,+0.979
