7450-506814
OS REV: 1.03 Sensor Cal: 1524163967
Time (sec),  BV (Volts),  T (deg C),  DO (mg/l),  Q ()
1528634580,+3.48, +6.521,+11.623,+0.982
1528635180,+3.48, +6.521,+11.624,+0.983
1528635780,+3.48, +6.482,+11.641,+0.983
1528636380,+3.48, +6.443,+11.651,+0.983
1528636980,+3.48, +6.346,+11.687,+0.983
1528637580,+3.48, +6.453,+11.631,+0.983
1528638180,+3.48, +6.356,+11.674,+0.983
1528638780,+3.48, +6.385,+11.675,+0.983
1528639380,+3.48, +6.463,+11.648,+0.983
1528639980,+3.48, +6.414,+11.666,+0.983
1528640580,+3.48, +6.482,+11.661,+0.983
1528641180,+3.48, +6.502,+11.638,+0.983
1528641780,+3.48, +6.375,+11.703,+0.983
1528642380,+3.48, +6.443,+11.652,+0.983
1528642980,+3.48, +6.453,+11.634,+0.983
1528643580,+3.48, +6.424,+11.666,+0.983
1528644180,+3.48, +6.453,+11.636,+0.983
1528644780,+3.48, +6.424,+11.668,+0.983
1528645380,+3.48, +6.453,+11.652,+0.983
1528645980,+3.48, +6.414,+11.662,+0.983
1528646580,+3.48, +6.356,+11.690,+0.983
1528647180,+3.48, +6.346,+11.685,+0.983
1528647780,+3.48, +6.385,+11.677,+0.983
1528648380,+3.48, +6.482,+11.648,+0.983
1528648980,+3.48, +6.502,+11.641,+0.983
1528649580,+3.48, +6.453,+11.673,+0.983
1528650180,+3.48, +6.453,+11.663,+0.983
1528650780,+3.48, +6.366,+11.693,+0.983
1528651380,+3.48, +6.463,+11.660,+0.983
1528651980,+3.48, +6.512,+11.628,+0.983
1528652580,+3.48, +6.395,+11.674,+0.983
1528653180,+3.48, +6.405,+11.647,+0.983
1528653780,+3.48, +6.336,+11.676,+0.983
1528654380,+3.48, +6.297,+11.692,+0.983
1528654980,+3.48, +6.297,+11.692,+0.983
1528655580,+3.48, +6.307,+11.676,+0.983
1528656180,+3.48, +6.288,+11.660,+0.983
1528656780,+3.48, +6.258,+11.668,+0.983
1528657380,+3.48, +6.336,+11.639,+0.983
1528657980,+3.48, +6.307,+11.652,+0.983
1528658580,+3.48, +6.239,+11.691,+0.983
1528659180,+3.48, +6.288,+11.659,+0.983
1528659780,+3.48, +6.258,+11.673,+0.983
1528660380,+3.48, +6.268,+11.665,+0.983
1528660980,+3.48, +6.239,+11.674,+0.983
1528661580,+3.48, +6.327,+11.657,+0.983
1528662180,+3.48, +6.258,+11.680,+0.983
1528662780,+3.48, +6.258,+11.693,+0.983
1528663380,+3.48, +6.297,+11.670,+0.983
1528663980,+3.48, +6.249,+11.663,+0.983
1528664580,+3.48, +6.288,+11.649,+0.983
1528665180,+3.48, +6.268,+11.686,+0.983
1528665780,+3.48, +6.336,+11.652,+0.983
1528666380,+3.48, +6.200,+11.687,+0.983
1528666980,+3.48, +6.239,+11.635,+0.983
1528667580,+3.48, +6.190,+11.638,+0.983
1528668180,+3.48, +6.141,+11.678,+0.983
1528668780,+3.48, +6.170,+11.681,+0.983
1528669380,+3.48, +6.249,+11.656,+0.983
1528669980,+3.48, +6.249,+11.673,+0.983
1528670580,+3.48, +6.200,+11.688,+0.983
1528671180,+3.48, +6.239,+11.660,+0.983
1528671780,+3.48, +6.200,+11.671,+0.983
1528672380,+3.48, +6.200,+11.657,+0.983
1528672980,+3.48, +6.190,+11.666,+0.983
1528673580,+3.48, +6.180,+11.660,+0.983
1528674180,+3.48, +6.131,+11.677,+0.983
1528674780,+3.48, +6.131,+11.668,+0.983
1528675380,+3.48, +6.092,+11.687,+0.983
1528675980,+3.48, +6.102,+11.675,+0.983
1528676580,+3.48, +6.131,+11.657,+0.983
1528677180,+3.48, +6.102,+11.651,+0.983
1528677780,+3.48, +6.073,+11.653,+0.983
1528678380,+3.48, +5.994,+11.677,+0.983
1528678980,+3.48, +6.112,+11.629,+0.983
1528679580,+3.48, +6.014,+11.664,+0.983
1528680180,+3.48, +6.082,+11.616,+0.983
1528680780,+3.48, +5.984,+11.670,+0.983
1528681380,+3.48, +6.033,+11.650,+0.983
1528681980,+3.48, +6.073,+11.634,+0.983
1528682580,+3.48, +6.082,+11.627,+0.983
1528683180,+3.48, +6.043,+11.649,+0.983
1528683780,+3.48, +6.033,+11.648,+0.983
1528684380,+3.48, +6.121,+11.632,+0.983
1528684980,+3.48, +6.102,+11.650,+0.983
1528685580,+3.48, +6.073,+11.658,+0.983
1528686180,+3.48, +6.180,+11.614,+0.983
1528686780,+3.48, +6.180,+11.616,+0.983
1528687380,+3.48, +6.102,+11.651,+0.983
1528687980,+3.48, +6.210,+11.603,+0.983
1528688580,+3.48, +6.141,+11.636,+0.983
1528689180,+3.48, +6.151,+11.633,+0.983
1528689780,+3.48, +6.141,+11.635,+0.983
1528690380,+3.48, +6.180,+11.625,+0.983
1528690980,+3.48, +6.288,+11.573,+0.982
1528691580,+3.48, +6.131,+11.651,+0.983
1528692180,+3.48, +6.170,+11.613,+0.983
1528692780,+3.48, +6.180,+11.619,+0.983
1528693380,+3.48, +6.190,+11.602,+0.983
1528693980,+3.48, +6.210,+11.597,+0.983
1528694580,+3.48, +6.102,+11.660,+0.983
1528695180,+3.48, +6.190,+11.612,+0.982
1528695780,+3.48, +6.200,+11.599,+0.983
1528696380,+3.48, +6.190,+11.623,+0.983
1528696980,+3.48, +6.200,+11.602,+0.983
1528697580,+3.48, +6.200,+11.616,+0.982
1528698180,+3.48, +6.219,+11.624,+0.983
1528698780,+3.48, +6.210,+11.629,+0.983
1528699380,+3.48, +6.239,+11.616,+0.983
1528699980,+3.48, +6.200,+11.640,+0.983
1528700580,+3.48, +6.170,+11.652,+0.983
1528701180,+3.48, +6.200,+11.627,+0.983
1528701780,+3.48, +6.219,+11.660,+0.983
1528702380,+3.48, +6.258,+11.631,+0.983
1528702980,+3.48, +6.200,+11.659,+0.983
1528703580,+3.48, +6.268,+11.625,+0.983
1528704180,+3.48, +6.288,+11.620,+0.983
1528704780,+3.48, +6.219,+11.646,+0.983
1528705380,+3.48, +6.249,+11.616,+0.982
1528705980,+3.48, +6.258,+11.637,+0.983
1528706580,+3.48, +6.190,+11.667,+0.983
1528707180,+3.48, +6.327,+11.629,+0.982
1528707780,+3.48, +6.336,+11.648,+0.983
1528708380,+3.48, +6.307,+11.639,+0.983
1528708980,+3.48, +6.346,+11.660,+0.983
1528709580,+3.48, +6.443,+11.615,+0.983
1528710180,+3.48, +6.336,+11.627,+0.983
1528710780,+3.48, +6.288,+11.645,+0.983
1528711380,+3.48, +6.317,+11.640,+0.983
1528711980,+3.48, +6.297,+11.654,+0.983
1528712580,+3.48, +6.346,+11.630,+0.983
1528713180,+3.48, +6.375,+11.642,+0.983
1528713780,+3.48, +6.405,+11.641,+0.983
1528714380,+3.48, +6.395,+11.664,+0.983
1528714980,+3.48, +6.453,+11.665,+0.983
1528715580,+3.48, +6.346,+11.672,+0.983
1528716180,+3.48, +6.405,+11.637,+0.983
1528716780,+3.48, +6.385,+11.640,+0.983
1528717380,+3.48, +6.327,+11.634,+0.983
1528717980,+3.48, +6.336,+11.636,+0.983
1528718580,+3.48, +6.346,+11.626,+0.983
1528719180,+3.48, +6.180,+11.626,+0.983
1528719780,+3.48, +6.180,+11.669,+0.983
1528720380,+3.48, +6.073,+11.673,+0.983
1528720980,+3.48, +6.200,+11.645,+0.983
