7450-826935
OS REV: 1.03 Sensor Cal: 1524164154
Time (sec),  BV (Volts),  T (deg C),  DO (mg/l),  Q ()
1529852040,+3.48, +7.453, +4.030,+0.973
1529852640,+3.48, +7.481, +4.023,+0.973
1529853240,+3.48, +7.376, +3.874,+0.973
1529853840,+3.48, +7.338, +3.718,+0.973
1529854440,+3.48, +7.376, +3.900,+0.973
1529855040,+3.48, +7.357, +3.753,+0.973
1529855640,+3.48, +7.395, +4.031,+0.973
1529856240,+3.48, +7.434, +3.896,+0.973
1529856840,+3.48, +7.434, +3.931,+0.973
1529857440,+3.48, +7.395, +3.868,+0.973
1529858040,+3.48, +7.405, +3.744,+0.973
1529858640,+3.48, +7.415, +3.612,+0.973
1529859240,+3.48, +7.386, +3.687,+0.973
1529859840,+3.48, +7.481, +3.792,+0.973
1529860440,+3.48, +7.453, +3.929,+0.973
1529861040,+3.48, +7.443, +4.100,+0.973
1529861640,+3.48, +7.443, +3.976,+0.973
1529862240,+3.48, +7.434, +4.081,+0.973
1529862840,+3.48, +7.453, +3.900,+0.973
1529863440,+3.48, +7.434, +3.796,+0.973
1529864040,+3.48, +7.395, +3.791,+0.973
1529864640,+3.48, +7.405, +3.703,+0.973
1529865240,+3.48, +7.405, +3.862,+0.973
1529865840,+3.48, +7.424, +3.916,+0.973
1529866440,+3.48, +7.481, +3.931,+0.973
1529867040,+3.48, +7.424, +3.935,+0.973
1529867640,+3.48, +7.424, +4.021,+0.973
1529868240,+3.48, +7.548, +4.182,+0.973
1529868840,+3.48, +7.472, +4.144,+0.973
1529869440,+3.48, +7.491, +4.145,+0.973
1529870040,+3.48, +7.462, +4.193,+0.973
1529870640,+3.48, +7.539, +4.379,+0.973
1529871240,+3.48, +7.577, +4.297,+0.973
1529871840,+3.48, +7.634, +4.425,+0.973
1529872440,+3.48, +7.624, +4.350,+0.973
1529873040,+3.48, +7.682, +4.418,+0.973
1529873640,+3.48, +7.605, +4.357,+0.973
1529874240,+3.48, +7.529, +4.305,+0.973
1529874840,+3.48, +7.644, +4.327,+0.973
1529875440,+3.48, +7.596, +4.224,+0.973
1529876040,+3.48, +7.663, +4.116,+0.973
1529876640,+3.48, +7.663, +4.388,+0.973
1529877240,+3.48, +7.605, +4.395,+0.973
1529877840,+3.48, +7.663, +4.340,+0.973
1529878440,+3.48, +7.453, +3.573,+0.973
1529879040,+3.48, +7.520, +4.213,+0.973
1529879640,+3.48, +7.548, +4.102,+0.973
1529880240,+3.48, +7.558, +4.372,+0.973
1529880840,+3.48, +7.596, +4.469,+0.973
1529881440,+3.48, +7.682, +4.862,+0.973
1529882040,+3.48, +7.691, +4.796,+0.973
1529882640,+3.48, +7.748, +4.467,+0.973
1529883240,+3.48, +7.663, +4.385,+0.973
1529883840,+3.48, +7.577, +4.116,+0.973
1529884440,+3.48, +7.644, +4.383,+0.973
1529885040,+3.48, +7.691, +4.498,+0.973
1529885640,+3.48, +7.624, +4.453,+0.973
1529886240,+3.48, +7.653, +4.343,+0.973
1529886840,+3.48, +7.624, +4.497,+0.973
1529887440,+3.48, +7.663, +4.520,+0.973
1529888040,+3.48, +7.605, +4.482,+0.973
1529888640,+3.48, +7.653, +4.432,+0.973
1529889240,+3.48, +7.462, +3.965,+0.973
1529889840,+3.48, +7.491, +3.815,+0.973
1529890440,+3.48, +7.443, +3.818,+0.973
1529891040,+3.48, +7.434, +3.872,+0.973
1529891640,+3.48, +7.415, +3.861,+0.973
1529892240,+3.48, +7.405, +3.726,+0.973
1529892840,+3.48, +7.376, +3.569,+0.973
1529893440,+3.48, +7.395, +3.808,+0.973
1529894040,+3.48, +7.376, +3.447,+0.973
1529894640,+3.48, +7.395, +3.359,+0.973
1529895240,+3.48, +7.395, +3.335,+0.973
1529895840,+3.48, +7.386, +3.193,+0.973
1529896440,+3.48, +7.405, +3.226,+0.973
1529897040,+3.48, +7.348, +3.279,+0.973
1529897640,+3.48, +7.386, +3.374,+0.973
1529898240,+3.48, +7.443, +3.581,+0.973
1529898840,+3.48, +7.434, +3.512,+0.973
1529899440,+3.48, +7.472, +3.652,+0.973
1529900040,+3.48, +7.567, +3.899,+0.973
1529900640,+3.48, +7.567, +4.244,+0.973
1529901240,+3.48, +7.605, +4.176,+0.973
1529901840,+3.48, +7.615, +4.438,+0.973
1529902440,+3.48, +7.663, +4.528,+0.973
1529903040,+3.48, +7.672, +4.464,+0.973
1529903640,+3.48, +7.596, +4.334,+0.973
1529904240,+3.48, +7.577, +4.174,+0.973
1529904840,+3.48, +7.577, +4.138,+0.973
1529905440,+3.48, +7.558, +4.127,+0.973
1529906040,+3.48, +7.624, +4.078,+0.973
1529906640,+3.48, +7.644, +4.084,+0.973
1529907240,+3.48, +7.586, +4.105,+0.973
1529907840,+3.48, +7.615, +4.141,+0.973
1529908440,+3.48, +7.672, +4.143,+0.973
1529909040,+3.48, +7.624, +4.161,+0.973
1529909640,+3.48, +7.586, +4.142,+0.973
1529910240,+3.48, +7.567, +4.077,+0.973
1529910840,+3.48, +7.615, +3.949,+0.973
1529911440,+3.48, +7.558, +3.868,+0.973
1529912040,+3.48, +7.520, +3.815,+0.973
1529912640,+3.48, +7.558, +3.804,+0.973
1529913240,+3.48, +7.586, +3.823,+0.973
1529913840,+3.48, +7.605, +3.887,+0.973
1529914440,+3.48, +7.586, +3.970,+0.973
1529915040,+3.48, +7.510, +3.845,+0.973
1529915640,+3.48, +7.577, +3.763,+0.973
1529916240,+3.48, +7.548, +3.825,+0.973
1529916840,+3.48, +7.605, +3.981,+0.973
1529917440,+3.48, +7.586, +4.184,+0.973
1529918040,+3.48, +7.615, +4.205,+0.973
1529918640,+3.48, +7.644, +4.114,+0.973
1529919240,+3.48, +7.634, +4.064,+0.973
1529919840,+3.48, +7.596, +4.055,+0.974
1529920440,+3.48, +7.615, +4.051,+0.973
1529921040,+3.48, +7.577, +4.031,+0.973
1529921640,+3.48, +7.567, +3.988,+0.973
1529922240,+3.48, +7.577, +3.806,+0.973
1529922840,+3.48, +7.529, +3.750,+0.973
1529923440,+3.48, +7.501, +3.685,+0.973
1529924040,+3.48, +7.453, +3.616,+0.973
1529924640,+3.48, +7.462, +3.525,+0.974
1529925240,+3.48, +7.472, +3.523,+0.973
1529925840,+3.48, +7.462, +3.446,+0.973
1529926440,+3.48, +7.539, +3.293,+0.973
1529927040,+3.48, +7.462, +3.174,+0.973
1529927640,+3.48, +7.520, +3.240,+0.973
1529928240,+3.48, +7.596, +3.464,+0.973
1529928840,+3.48, +7.605, +3.700,+0.973
1529929440,+3.48, +7.605, +3.923,+0.973
1529930040,+3.48, +7.596, +3.990,+0.973
1529930640,+3.48, +7.663, +4.049,+0.973
1529931240,+3.48, +7.567, +4.156,+0.973
1529931840,+3.48, +7.520, +3.984,+0.973
1529932440,+3.48, +7.624, +3.863,+0.973
1529933040,+3.48, +7.520, +3.978,+0.973
1529933640,+3.48, +7.558, +4.129,+0.973
1529934240,+3.48, +7.605, +4.191,+0.973
1529934840,+3.48, +7.663, +4.357,+0.973
1529935440,+3.48, +7.634, +4.423,+0.973
1529936040,+3.48, +7.596, +4.354,+0.973
1529936640,+3.48, +7.663, +4.395,+0.973
1529937240,+3.48, +7.605, +4.305,+0.973
1529937840,+3.48, +7.624, +4.244,+0.973
1529938440,+3.48, +7.624, +4.197,+0.973
