7450-354904
OS REV: 1.03 Sensor Cal: 1524163132
Time (sec),  BV (Volts),  T (deg C),  DO (mg/l),  Q ()
1535942580,+3.49, +9.083,+10.091,+0.974
1535943180,+3.49, +9.065,+10.103,+0.975
1535943780,+3.49, +9.111,+10.086,+0.975
1535944380,+3.49, +9.083,+10.080,+0.975
1535944980,+3.49, +9.065,+10.095,+0.975
1535945580,+3.49, +9.111,+10.074,+0.974
1535946180,+3.49, +9.065,+10.092,+0.974
1535946780,+3.49, +9.074,+10.095,+0.975
1535947380,+3.49, +9.028,+10.109,+0.975
1535947980,+3.49, +9.046,+10.076,+0.975
1535948580,+3.49, +9.037,+10.075,+0.974
1535949180,+3.49, +8.990,+10.089,+0.975
1535949780,+3.49, +8.944,+10.088,+0.974
1535950380,+3.49, +8.879,+10.117,+0.975
1535950980,+3.49, +8.851,+10.105,+0.975
1535951580,+3.49, +8.720,+10.131,+0.975
1535952180,+3.49, +8.617,+10.158,+0.975
1535952780,+3.49, +8.720,+10.141,+0.975
1535953380,+3.49, +8.673,+10.183,+0.975
1535953980,+3.49, +8.795,+10.168,+0.975
1535954580,+3.49, +8.692,+10.196,+0.975
1535955180,+3.49, +8.832,+10.167,+0.975
1535955780,+3.49, +8.832,+10.166,+0.974
1535956380,+3.49, +8.795,+10.129,+0.974
1535956980,+3.49, +8.711,+10.142,+0.975
1535957580,+3.49, +8.701,+10.146,+0.974
1535958180,+3.49, +8.561,+10.137,+0.974
1535958780,+3.49, +8.486,+10.165,+0.975
1535959380,+3.49, +8.514,+10.145,+0.974
1535959980,+3.49, +8.477,+10.143,+0.975
1535960580,+3.49, +8.514,+10.118,+0.975
1535961180,+3.49, +8.439,+10.151,+0.974
1535961780,+3.49, +8.439,+10.182,+0.975
1535962380,+3.49, +8.496,+10.163,+0.975
1535962980,+3.49, +8.477,+10.163,+0.975
1535963580,+3.49, +8.467,+10.195,+0.975
1535964180,+3.49, +8.524,+10.130,+0.975
1535964780,+3.49, +8.496,+10.148,+0.975
1535965380,+3.49, +8.496,+10.147,+0.975
1535965980,+3.49, +8.411,+10.166,+0.975
1535966580,+3.49, +8.496,+10.146,+0.975
1535967180,+3.49, +8.486,+10.144,+0.974
1535967780,+3.49, +8.533,+10.114,+0.974
1535968380,+3.49, +8.467,+10.164,+0.975
1535968980,+3.49, +8.599,+10.142,+0.975
1535969580,+3.49, +8.599,+10.143,+0.975
1535970180,+3.49, +8.608,+10.121,+0.975
1535970780,+3.49, +8.552,+10.141,+0.975
1535971380,+3.49, +8.599,+10.125,+0.975
1535971980,+3.49, +8.561,+10.129,+0.974
1535972580,+3.49, +8.524,+10.152,+0.974
1535973180,+3.49, +8.571,+10.127,+0.974
1535973780,+3.49, +8.608,+10.124,+0.975
1535974380,+3.49, +8.552,+10.161,+0.975
1535974980,+3.49, +8.627,+10.123,+0.975
1535975580,+3.49, +8.599,+10.155,+0.974
1535976180,+3.49, +8.645,+10.149,+0.975
1535976780,+3.49, +8.673,+10.152,+0.975
1535977380,+3.49, +8.748,+10.150,+0.975
1535977980,+3.49, +8.730,+10.128,+0.975
1535978580,+3.49, +8.720,+10.131,+0.974
1535979180,+3.49, +8.683,+10.142,+0.975
1535979780,+3.49, +8.673,+10.130,+0.975
1535980380,+3.49, +8.655,+10.141,+0.975
1535980980,+3.49, +8.655,+10.145,+0.975
1535981580,+3.49, +8.692,+10.126,+0.974
1535982180,+3.49, +8.673,+10.139,+0.975
1535982780,+3.49, +8.692,+10.127,+0.974
1535983380,+3.49, +8.795,+10.123,+0.975
1535983980,+3.49, +8.739,+10.135,+0.975
1535984580,+3.49, +8.664,+10.147,+0.974
1535985180,+3.49, +8.804,+10.132,+0.974
1535985780,+3.49, +8.720,+10.163,+0.975
1535986380,+3.49, +8.776,+10.146,+0.974
1535986980,+3.49, +8.814,+10.136,+0.975
1535987580,+3.49, +8.841,+10.127,+0.974
1535988180,+3.49, +8.869,+10.104,+0.974
1535988780,+3.49, +8.869,+10.104,+0.975
1535989380,+3.49, +8.804,+10.076,+0.975
1535989980,+3.49, +8.730,+10.072,+0.975
1535990580,+3.49, +8.589,+10.098,+0.975
1535991180,+3.49, +8.533,+10.113,+0.975
1535991780,+3.49, +8.599,+10.100,+0.975
1535992380,+3.49, +8.467,+10.135,+0.975
1535992980,+3.49, +8.496,+10.138,+0.975
1535993580,+3.49, +8.599,+10.088,+0.974
1535994180,+3.49, +8.571,+10.044,+0.974
1535994780,+3.49, +8.589,+10.075,+0.975
1535995380,+3.49, +8.599,+10.108,+0.975
1535995980,+3.49, +8.683,+10.075,+0.974
1535996580,+3.49, +8.711,+10.097,+0.974
1535997180,+3.49, +8.711,+10.146,+0.974
1535997780,+3.49, +8.701,+10.161,+0.975
1535998380,+3.49, +8.627,+10.129,+0.974
1535998980,+3.49, +8.542,+10.133,+0.975
1535999580,+3.49, +8.524,+10.113,+0.975
1536000180,+3.49, +8.542,+10.125,+0.974
1536000780,+3.49, +8.505,+10.112,+0.975
1536001380,+3.49, +8.533,+10.115,+0.975
1536001980,+3.49, +8.524,+10.084,+0.974
1536002580,+3.49, +8.514,+10.133,+0.975
1536003180,+3.49, +8.599,+10.097,+0.975
1536003780,+3.49, +8.561,+10.123,+0.975
1536004380,+3.49, +8.542,+10.123,+0.975
1536004980,+3.49, +8.561,+10.136,+0.975
1536005580,+3.49, +8.533,+10.144,+0.975
1536006180,+3.49, +8.496,+10.161,+0.975
1536006780,+3.49, +8.477,+10.148,+0.975
1536007380,+3.49, +8.486,+10.132,+0.974
1536007980,+3.49, +8.374,+10.132,+0.975
1536008580,+3.49, +8.477,+10.079,+0.975
1536009180,+3.49, +8.458,+10.095,+0.975
1536009780,+3.49, +8.458,+10.128,+0.975
1536010380,+3.49, +8.561,+10.094,+0.974
1536010980,+3.49, +8.542,+10.068,+0.975
1536011580,+3.49, +8.477,+10.092,+0.974
1536012180,+3.49, +8.467,+10.084,+0.975
1536012780,+3.49, +8.439,+10.103,+0.975
1536013380,+3.49, +8.430,+10.112,+0.975
1536013980,+3.49, +8.627,+10.088,+0.974
1536014580,+3.49, +8.645,+10.086,+0.974
1536015180,+3.49, +8.730,+10.117,+0.975
1536015780,+3.49, +8.730,+10.131,+0.975
1536016380,+3.49, +8.758,+10.123,+0.975
1536016980,+3.49, +8.795,+10.102,+0.975
1536017580,+3.49, +8.851,+10.070,+0.975
1536018180,+3.49, +8.814,+10.059,+0.974
1536018780,+3.49, +8.739,+10.069,+0.974
1536019380,+3.49, +8.758,+10.028,+0.975
1536019980,+3.49, +8.692,+10.034,+0.975
1536020580,+3.49, +8.692,+10.049,+0.975
1536021180,+3.49, +8.739,+10.037,+0.975
1536021780,+3.49, +8.739,+10.074,+0.975
1536022380,+3.49, +8.692,+10.027,+0.975
1536022980,+3.49, +8.730,+10.015,+0.975
1536023580,+3.49, +8.645,+10.072,+0.975
1536024180,+3.49, +8.692,+10.067,+0.975
1536024780,+3.49, +8.795,+10.072,+0.975
1536025380,+3.49, +8.823,+10.045,+0.974
1536025980,+3.49, +8.841,+10.060,+0.975
1536026580,+3.49, +8.767,+10.091,+0.975
1536027180,+3.49, +8.907,+10.013,+0.974
1536027780,+3.49, +8.795,+10.042,+0.974
1536028380,+3.49, +8.683,+10.055,+0.974
1536028980,+3.49, +8.636,+10.084,+0.974
