7450-708861
OS REV: 1.03 Sensor Cal: 1524171862
Time (sec),  BV (Volts),  T (deg C),  DO (mg/l),  Q ()
1531592040,+3.48, +8.244, +2.709,+1.006
1531592640,+3.48, +8.291, +2.697,+1.007
1531593240,+3.48, +8.206, +2.623,+1.007
1531593840,+3.48, +8.244, +2.613,+1.006
1531594440,+3.48, +8.187, +2.793,+1.007
1531595040,+3.48, +8.234, +2.875,+1.007
1531595640,+3.48, +8.178, +2.803,+1.007
1531596240,+3.48, +8.234, +2.632,+1.007
1531596840,+3.48, +8.244, +2.601,+1.007
1531597440,+3.48, +8.225, +2.647,+1.007
1531598040,+3.48, +8.262, +2.691,+1.007
1531598640,+3.48, +8.244, +2.672,+1.007
1531599240,+3.48, +8.244, +2.642,+1.007
1531599840,+3.48, +8.281, +2.735,+1.007
1531600440,+3.48, +8.234, +2.678,+1.007
1531601040,+3.48, +8.215, +2.700,+1.007
1531601640,+3.48, +8.253, +2.694,+1.006
1531602240,+3.48, +8.244, +2.736,+1.007
1531602840,+3.48, +8.300, +2.715,+1.007
1531603440,+3.48, +8.319, +2.659,+1.007
1531604040,+3.48, +8.319, +2.802,+1.007
1531604640,+3.48, +8.366, +2.866,+1.007
1531605240,+3.48, +8.309, +3.011,+1.007
1531605840,+3.48, +8.347, +2.956,+1.007
1531606440,+3.48, +8.356, +3.072,+1.007
1531607040,+3.48, +8.366, +3.059,+1.007
1531607640,+3.48, +8.432, +3.021,+1.007
1531608240,+3.48, +8.300, +2.727,+1.007
1531608840,+3.48, +8.244, +2.601,+1.007
1531609440,+3.48, +8.356, +2.591,+1.006
1531610040,+3.48, +8.375, +2.634,+1.007
1531610640,+3.48, +8.309, +2.575,+1.006
1531611240,+3.48, +8.347, +2.849,+1.007
1531611840,+3.48, +8.450, +3.072,+1.007
1531612440,+3.48, +8.385, +3.023,+1.007
1531613040,+3.48, +8.375, +2.626,+1.007
1531613640,+3.48, +8.366, +2.605,+1.006
1531614240,+3.48, +8.385, +2.768,+1.007
1531614840,+3.48, +8.385, +2.696,+1.007
1531615440,+3.48, +8.366, +2.684,+1.006
1531616040,+3.48, +8.375, +2.714,+1.007
1531616640,+3.48, +8.309, +2.721,+1.007
1531617240,+3.48, +8.300, +2.656,+1.007
1531617840,+3.48, +8.338, +2.585,+1.006
1531618440,+3.48, +8.309, +2.527,+1.006
1531619040,+3.48, +8.356, +2.679,+1.006
1531619640,+3.48, +8.347, +2.956,+1.007
1531620240,+3.48, +8.366, +2.835,+1.007
1531620840,+3.48, +8.347, +2.804,+1.007
1531621440,+3.48, +8.328, +2.820,+1.007
1531622040,+3.48, +8.338, +2.716,+1.006
1531622640,+3.48, +8.328, +2.690,+1.007
1531623240,+3.48, +8.281, +2.659,+1.007
1531623840,+3.48, +8.253, +2.625,+1.006
1531624440,+3.48, +8.244, +2.663,+1.007
1531625040,+3.48, +8.253, +2.681,+1.007
1531625640,+3.48, +8.281, +2.705,+1.006
1531626240,+3.48, +8.309, +2.707,+1.007
1531626840,+3.48, +8.244, +2.709,+1.007
1531627440,+3.48, +8.309, +2.757,+1.007
1531628040,+3.48, +8.356, +2.840,+1.007
1531628640,+3.48, +8.413, +2.919,+1.007
1531629240,+3.48, +8.366, +2.859,+1.007
1531629840,+3.48, +8.375, +2.829,+1.007
1531630440,+3.48, +8.291, +2.743,+1.007
1531631040,+3.48, +8.432, +2.681,+1.006
1531631640,+3.48, +8.422, +2.740,+1.006
1531632240,+3.48, +8.319, +2.734,+1.007
1531632840,+3.48, +8.281, +2.686,+1.007
1531633440,+3.48, +8.319, +2.680,+1.007
1531634040,+3.48, +8.291, +2.764,+1.007
1531634640,+3.48, +8.197, +2.652,+1.007
1531635240,+3.48, +8.225, +2.699,+1.007
1531635840,+3.48, +8.309, +2.717,+1.006
1531636440,+3.48, +8.328, +2.845,+1.007
1531637040,+3.48, +8.244, +2.706,+1.007
1531637640,+3.48, +8.272, +2.644,+1.007
1531638240,+3.48, +8.319, +2.611,+1.006
1531638840,+3.48, +8.206, +2.625,+1.006
1531639440,+3.48, +8.300, +2.615,+1.007
1531640040,+3.48, +8.281, +2.637,+1.006
1531640640,+3.48, +8.244, +2.674,+1.007
1531641240,+3.48, +8.300, +2.672,+1.007
1531641840,+3.48, +8.281, +2.667,+1.007
1531642440,+3.48, +8.281, +2.674,+1.007
1531643040,+3.48, +8.309, +2.695,+1.007
1531643640,+3.48, +8.253, +2.727,+1.007
1531644240,+3.48, +8.262, +2.765,+1.007
1531644840,+3.48, +8.262, +2.753,+1.007
1531645440,+3.48, +8.328, +2.795,+1.007
1531646040,+3.48, +8.328, +2.847,+1.007
1531646640,+3.48, +8.338, +2.763,+1.007
1531647240,+3.48, +8.300, +2.718,+1.007
1531647840,+3.48, +8.319, +2.709,+1.007
1531648440,+3.48, +8.272, +2.675,+1.007
1531649040,+3.48, +8.253, +2.598,+1.007
1531649640,+3.48, +8.281, +2.416,+1.006
1531650240,+3.48, +8.225, +2.414,+1.006
1531650840,+3.48, +8.244, +2.438,+1.006
1531651440,+3.48, +8.253, +2.405,+1.006
1531652040,+3.48, +8.225, +2.382,+1.006
1531652640,+3.48, +8.309, +2.348,+1.006
1531653240,+3.48, +8.272, +2.348,+1.006
1531653840,+3.48, +8.300, +2.341,+1.006
1531654440,+3.48, +8.262, +2.333,+1.006
1531655040,+3.48, +8.291, +2.327,+1.006
1531655640,+3.48, +8.300, +2.318,+1.006
1531656240,+3.48, +8.300, +2.351,+1.006
1531656840,+3.48, +8.309, +2.407,+1.006
1531657440,+3.48, +8.300, +2.458,+1.006
1531658040,+3.48, +8.422, +2.569,+1.006
1531658640,+3.48, +8.366, +2.493,+1.007
1531659240,+3.48, +8.366, +2.444,+1.006
1531659840,+3.48, +8.375, +2.377,+1.006
1531660440,+3.48, +8.375, +2.365,+1.006
1531661040,+3.48, +8.309, +2.411,+1.006
1531661640,+3.48, +8.319, +2.418,+1.006
1531662240,+3.48, +8.356, +2.445,+1.006
1531662840,+3.48, +8.319, +2.470,+1.006
1531663440,+3.48, +8.300, +2.514,+1.006
1531664040,+3.48, +8.291, +2.479,+1.006
1531664640,+3.48, +8.319, +2.517,+1.007
1531665240,+3.48, +8.291, +2.524,+1.006
1531665840,+3.48, +8.215, +2.498,+1.007
1531666440,+3.48, +8.281, +2.402,+1.006
1531667040,+3.48, +8.206, +2.295,+1.006
1531667640,+3.48, +8.234, +2.282,+1.006
1531668240,+3.48, +8.187, +2.365,+1.006
1531668840,+3.48, +8.281, +2.410,+1.006
1531669440,+3.48, +8.281, +2.488,+1.006
1531670040,+3.48, +8.309, +2.564,+1.006
1531670640,+3.48, +8.262, +2.603,+1.006
1531671240,+3.48, +8.272, +2.523,+1.006
1531671840,+3.48, +8.300, +2.483,+1.006
1531672440,+3.48, +8.291, +2.483,+1.006
1531673040,+3.48, +8.291, +2.467,+1.006
1531673640,+3.48, +8.281, +2.445,+1.006
1531674240,+3.48, +8.291, +2.475,+1.006
1531674840,+3.48, +8.309, +2.487,+1.006
1531675440,+3.48, +8.300, +2.528,+1.006
1531676040,+3.48, +8.272, +2.459,+1.007
1531676640,+3.48, +8.309, +2.387,+1.006
1531677240,+3.48, +8.234, +2.432,+1.006
1531677840,+3.48, +8.262, +2.374,+1.006
1531678440,+3.48, +8.300, +2.373,+1.006
