7450-821901
OS REV: 1.03 Sensor Cal: 1524169364
Time (sec),  BV (Volts),  T (deg C),  DO (mg/l),  Q ()
1531417980,+3.49, +7.765, +1.641,+0.978
1531418580,+3.49, +7.860, +1.820,+0.978
1531419180,+3.49, +7.680, +1.458,+0.977
1531419780,+3.49, +7.680, +1.427,+0.977
1531420380,+3.49, +7.708, +1.414,+0.977
1531420980,+3.49, +7.680, +1.416,+0.977
1531421580,+3.49, +7.727, +1.426,+0.977
1531422180,+3.49, +7.661, +1.286,+0.976
1531422780,+3.49, +7.642, +1.305,+0.977
1531423380,+3.49, +7.670, +1.470,+0.977
1531423980,+3.49, +7.784, +1.615,+0.978
1531424580,+3.49, +7.718, +1.631,+0.978
1531425180,+3.49, +7.718, +1.988,+0.979
1531425780,+3.49, +7.803, +2.131,+0.979
1531426380,+3.49, +7.832, +2.069,+0.979
1531426980,+3.49, +7.860, +2.143,+0.979
1531427580,+3.49, +7.803, +2.038,+0.979
1531428180,+3.49, +7.794, +1.955,+0.978
1531428780,+3.49, +7.680, +1.626,+0.978
1531429380,+3.49, +7.803, +1.564,+0.978
1531429980,+3.49, +7.765, +1.559,+0.978
1531430580,+3.49, +7.794, +1.558,+0.978
1531431180,+3.49, +7.689, +1.498,+0.977
1531431780,+3.49, +7.746, +1.543,+0.977
1531432380,+3.49, +7.794, +1.560,+0.978
1531432980,+3.49, +7.727, +1.522,+0.977
1531433580,+3.49, +7.756, +1.529,+0.977
1531434180,+3.49, +7.794, +1.701,+0.978
1531434780,+3.49, +7.860, +1.780,+0.978
1531435380,+3.49, +7.727, +1.713,+0.978
1531435980,+3.49, +7.794, +1.672,+0.978
1531436580,+3.49, +7.689, +1.615,+0.978
1531437180,+3.49, +7.794, +1.556,+0.978
1531437780,+3.49, +7.765, +1.586,+0.978
1531438380,+3.49, +7.803, +1.596,+0.978
1531438980,+3.49, +7.794, +1.593,+0.978
1531439580,+3.49, +7.813, +1.521,+0.977
1531440180,+3.49, +7.718, +1.515,+0.977
1531440780,+3.49, +7.727, +1.347,+0.977
1531441380,+3.49, +7.623, +1.308,+0.977
1531441980,+3.49, +7.680, +1.298,+0.976
1531442580,+3.49, +7.784, +1.309,+0.976
1531443180,+3.49, +7.727, +1.341,+0.977
1531443780,+3.49, +7.794, +1.466,+0.977
1531444380,+3.49, +7.775, +1.602,+0.978
1531444980,+3.49, +7.765, +1.707,+0.978
1531445580,+3.49, +7.775, +1.764,+0.978
1531446180,+3.49, +7.803, +1.839,+0.978
1531446780,+3.49, +7.784, +1.827,+0.978
1531447380,+3.49, +7.746, +1.846,+0.978
1531447980,+3.49, +7.803, +1.771,+0.978
1531448580,+3.49, +7.756, +1.801,+0.978
1531449180,+3.49, +7.775, +1.789,+0.978
1531449780,+3.49, +7.765, +1.811,+0.978
1531450380,+3.49, +7.794, +1.905,+0.978
1531450980,+3.49, +7.813, +2.059,+0.979
1531451580,+3.49, +7.822, +2.169,+0.979
1531452180,+3.49, +7.851, +2.016,+0.978
1531452780,+3.49, +7.813, +1.996,+0.979
1531453380,+3.49, +7.784, +1.742,+0.978
1531453980,+3.49, +7.822, +1.725,+0.978
1531454580,+3.49, +7.851, +1.586,+0.978
1531455180,+3.49, +7.860, +1.818,+0.978
1531455780,+3.49, +7.879, +1.985,+0.978
1531456380,+3.49, +7.803, +1.768,+0.978
1531456980,+3.49, +7.898, +1.708,+0.978
1531457580,+3.49, +7.946, +1.886,+0.978
1531458180,+3.49, +7.984, +2.194,+0.979
1531458780,+3.49, +7.936, +2.327,+0.979
1531459380,+3.49, +7.870, +2.419,+0.979
1531459980,+3.49, +7.955, +2.342,+0.979
1531460580,+3.49, +7.908, +2.375,+0.979
1531461180,+3.49, +7.870, +2.281,+0.979
1531461780,+3.49, +7.917, +2.146,+0.979
1531462380,+3.49, +7.993, +2.184,+0.979
1531462980,+3.49, +7.917, +2.295,+0.979
1531463580,+3.49, +7.936, +2.316,+0.979
1531464180,+3.49, +7.946, +2.254,+0.979
1531464780,+3.49, +7.898, +2.240,+0.979
1531465380,+3.49, +7.860, +2.243,+0.979
1531465980,+3.49, +7.870, +2.215,+0.979
1531466580,+3.49, +7.851, +2.184,+0.979
1531467180,+3.49, +7.974, +2.143,+0.979
1531467780,+3.49, +7.898, +2.131,+0.979
1531468380,+3.49, +7.927, +2.238,+0.979
1531468980,+3.49, +7.917, +2.433,+0.979
1531469580,+3.49, +7.879, +2.357,+0.979
1531470180,+3.49, +7.889, +2.298,+0.979
1531470780,+3.49, +7.737, +1.588,+0.978
1531471380,+3.49, +7.746, +1.171,+0.976
1531471980,+3.49, +7.756, +1.062,+0.975
1531472580,+3.49, +7.765, +1.070,+0.975
1531473180,+3.49, +7.670, +1.085,+0.975
1531473780,+3.49, +7.756, +1.135,+0.975
1531474380,+3.49, +7.642, +1.079,+0.975
1531474980,+3.49, +7.727, +1.069,+0.975
1531475580,+3.49, +7.689, +1.003,+0.975
1531476180,+3.49, +7.699, +1.064,+0.975
1531476780,+3.49, +7.708, +1.111,+0.975
1531477380,+3.49, +7.746, +0.974,+0.974
1531477980,+3.49, +7.765, +1.041,+0.975
1531478580,+3.49, +7.746, +1.189,+0.976
1531479180,+3.49, +7.727, +1.390,+0.977
1531479780,+3.49, +7.765, +1.633,+0.978
1531480380,+3.49, +7.727, +1.751,+0.978
1531480980,+3.49, +7.775, +1.500,+0.977
1531481580,+3.49, +7.680, +0.965,+0.974
1531482180,+3.49, +7.651, +0.755,+0.973
1531482780,+3.49, +7.670, +0.743,+0.973
1531483380,+3.49, +7.756, +0.805,+0.973
1531483980,+3.49, +7.699, +0.932,+0.974
1531484580,+3.49, +7.699, +1.103,+0.975
1531485180,+3.49, +7.765, +1.287,+0.976
1531485780,+3.49, +7.746, +1.586,+0.978
1531486380,+3.49, +7.765, +1.673,+0.978
1531486980,+3.49, +7.737, +1.593,+0.978
1531487580,+3.49, +7.689, +1.520,+0.977
1531488180,+3.49, +7.746, +1.325,+0.977
1531488780,+3.49, +7.803, +1.633,+0.978
1531489380,+3.49, +7.775, +1.726,+0.978
1531489980,+3.49, +7.718, +1.528,+0.977
1531490580,+3.49, +7.661, +0.981,+0.975
1531491180,+3.49, +7.584, +0.728,+0.973
1531491780,+3.49, +7.613, +0.717,+0.972
1531492380,+3.49, +7.603, +0.759,+0.973
1531492980,+3.49, +7.661, +0.793,+0.973
1531493580,+3.49, +7.632, +0.858,+0.974
1531494180,+3.49, +7.623, +0.889,+0.974
1531494780,+3.49, +7.537, +0.730,+0.973
1531495380,+3.49, +7.613, +0.656,+0.972
1531495980,+3.49, +7.642, +0.920,+0.974
1531496580,+3.49, +7.756, +1.178,+0.976
1531497180,+3.49, +7.708, +1.611,+0.978
1531497780,+3.49, +7.794, +1.500,+0.977
1531498380,+3.49, +7.737, +1.535,+0.977
1531498980,+3.49, +7.765, +1.592,+0.978
1531499580,+3.49, +7.803, +1.651,+0.978
1531500180,+3.49, +7.727, +1.652,+0.978
1531500780,+3.49, +7.794, +1.556,+0.978
1531501380,+3.49, +7.756, +1.557,+0.978
1531501980,+3.49, +7.794, +1.472,+0.977
1531502580,+3.49, +7.813, +1.320,+0.976
1531503180,+3.49, +7.737, +1.227,+0.976
1531503780,+3.49, +7.775, +1.165,+0.976
1531504380,+3.49, +7.803, +1.089,+0.975
