7450-821901
OS REV: 1.03 Sensor Cal: 1524169364
Time (sec),  BV (Volts),  T (deg C),  DO (mg/l),  Q ()
1527850980,+3.56,+22.244, +8.442,+0.980
1527851580,+3.56,+21.935, +8.504,+0.980
1527852180,+3.56,+21.391, +8.611,+0.980
1527852780,+3.56,+20.890, +8.683,+0.980
1527853380,+3.56,+20.188, +8.755,+0.979
1527853980,+3.56,+19.518, +8.843,+0.979
1527854580,+3.56,+18.880, +8.948,+0.980
1527855180,+3.56,+18.224, +9.057,+0.980
1527855780,+3.56,+17.659, +9.114,+0.979
1527856380,+3.56,+17.101, +9.230,+0.980
1527856980,+3.56,+16.566, +9.339,+0.980
1527857580,+3.56,+16.021, +9.467,+0.979
1527858180,+3.56,+15.267, +9.648,+0.980
1527858780,+3.56,+14.742, +9.785,+0.981
1527859380,+3.56,+14.171, +9.923,+0.981
1527859980,+3.56,+13.701,+10.022,+0.981
1527860580,+3.55,+13.325,+10.102,+0.981
1527861180,+3.56,+13.036,+10.177,+0.981
1527861780,+3.56,+12.833,+10.220,+0.981
1527862380,+3.56,+12.613,+10.286,+0.981
1527862980,+3.55,+12.187,+10.302,+0.981
1527863580,+3.55, +9.554, +8.841,+0.981
1527864180,+3.55, +7.144, +6.069,+0.984
1527864780,+3.55, +6.961, +6.227,+0.983
1527865380,+3.55, +6.951, +6.403,+0.983
1527865980,+3.55, +6.961, +6.380,+0.983
1527866580,+3.55, +7.009, +6.673,+0.983
1527867180,+3.55, +7.057, +6.750,+0.983
1527867780,+3.55, +7.038, +6.904,+0.983
1527868380,+3.55, +7.115, +6.969,+0.983
1527868980,+3.55, +7.163, +6.971,+0.983
1527869580,+3.55, +7.163, +7.060,+0.983
1527870180,+3.55, +7.153, +7.101,+0.983
1527870780,+3.55, +7.096, +7.101,+0.983
1527871380,+3.55, +7.028, +7.210,+0.983
1527871980,+3.55, +6.990, +7.168,+0.983
1527872580,+3.55, +6.999, +7.085,+0.983
1527873180,+3.55, +7.047, +7.153,+0.983
1527873780,+3.55, +7.009, +7.122,+0.983
1527874380,+3.55, +7.038, +7.059,+0.983
1527874980,+3.55, +7.019, +6.981,+0.983
1527875580,+3.55, +7.057, +6.794,+0.983
1527876180,+3.55, +7.009, +6.670,+0.983
1527876780,+3.55, +7.057, +6.739,+0.983
1527877380,+3.55, +7.009, +6.756,+0.983
1527877980,+3.54, +7.038, +6.713,+0.983
1527878580,+3.55, +7.028, +6.719,+0.983
1527879180,+3.54, +7.019, +6.710,+0.983
1527879780,+3.55, +6.990, +6.784,+0.983
1527880380,+3.54, +7.047, +7.033,+0.983
1527880980,+3.54, +6.999, +6.617,+0.983
1527881580,+3.54, +6.961, +6.443,+0.983
1527882180,+3.54, +6.932, +6.355,+0.983
1527882780,+3.54, +6.970, +6.276,+0.983
1527883380,+3.54, +6.961, +6.166,+0.983
1527883980,+3.54, +6.941, +6.189,+0.983
1527884580,+3.54, +6.951, +6.194,+0.983
1527885180,+3.54, +6.922, +6.224,+0.983
1527885780,+3.54, +6.922, +6.254,+0.983
1527886380,+3.54, +6.932, +6.250,+0.983
1527886980,+3.54, +6.932, +6.509,+0.983
1527887580,+3.54, +6.951, +6.383,+0.983
1527888180,+3.54, +7.019, +6.309,+0.983
1527888780,+3.54, +6.970, +6.382,+0.983
1527889380,+3.54, +6.980, +6.398,+0.983
1527889980,+3.54, +7.047, +6.271,+0.983
1527890580,+3.54, +7.038, +6.274,+0.983
1527891180,+3.54, +6.980, +6.309,+0.983
1527891780,+3.54, +7.028, +6.335,+0.983
1527892380,+3.54, +6.999, +6.271,+0.983
1527892980,+3.54, +6.980, +6.398,+0.983
1527893580,+3.54, +6.951, +6.477,+0.983
1527894180,+3.54, +7.009, +6.386,+0.983
1527894780,+3.54, +6.951, +6.435,+0.983
1527895380,+3.54, +6.990, +6.314,+0.983
1527895980,+3.54, +7.028, +6.470,+0.982
1527896580,+3.54, +6.961, +6.447,+0.983
1527897180,+3.54, +6.970, +6.734,+0.983
1527897780,+3.53, +6.951, +6.740,+0.983
1527898380,+3.54, +6.922, +6.227,+0.983
1527898980,+3.54, +6.941, +6.122,+0.983
1527899580,+3.54, +6.912, +6.201,+0.983
1527900180,+3.53, +6.941, +6.287,+0.983
1527900780,+3.53, +6.970, +6.305,+0.983
1527901380,+3.53, +6.912, +6.269,+0.983
1527901980,+3.53, +6.893, +6.256,+0.983
1527902580,+3.53, +6.903, +6.199,+0.983
1527903180,+3.53, +7.009, +6.264,+0.983
1527903780,+3.53, +6.932, +6.320,+0.983
1527904380,+3.53, +7.038, +6.410,+0.983
1527904980,+3.53, +7.067, +6.706,+0.983
1527905580,+3.53, +7.009, +6.813,+0.983
1527906180,+3.53, +7.067, +6.672,+0.983
1527906780,+3.53, +7.115, +6.508,+0.983
1527907380,+3.53, +7.076, +6.545,+0.983
1527907980,+3.53, +7.047, +6.555,+0.983
1527908580,+3.53, +7.086, +6.605,+0.983
1527909180,+3.53, +7.057, +6.670,+0.983
1527909780,+3.53, +7.076, +6.619,+0.983
1527910380,+3.53, +7.115, +6.618,+0.983
1527910980,+3.53, +7.019, +6.510,+0.983
1527911580,+3.53, +7.047, +6.319,+0.983
1527912180,+3.53, +6.951, +6.209,+0.983
1527912780,+3.53, +6.970, +6.184,+0.983
1527913380,+3.53, +6.999, +6.044,+0.983
1527913980,+3.53, +6.941, +6.086,+0.983
1527914580,+3.53, +6.941, +6.268,+0.983
1527915180,+3.53, +6.990, +6.232,+0.983
1527915780,+3.53, +6.990, +6.267,+0.983
1527916380,+3.53, +6.893, +6.245,+0.983
1527916980,+3.53, +6.951, +6.065,+0.983
1527917580,+3.53, +6.951, +6.162,+0.983
1527918180,+3.53, +6.883, +6.015,+0.983
1527918780,+3.53, +6.922, +5.797,+0.983
1527919380,+3.53, +6.999, +6.289,+0.983
1527919980,+3.53, +6.912, +6.016,+0.983
1527920580,+3.53, +6.883, +5.775,+0.983
1527921180,+3.53, +6.796, +5.671,+0.983
1527921780,+3.53, +6.835, +5.687,+0.983
1527922380,+3.53, +6.883, +5.651,+0.983
1527922980,+3.52, +6.903, +5.729,+0.983
1527923580,+3.52, +6.922, +6.023,+0.983
1527924180,+3.52, +6.912, +5.701,+0.983
1527924780,+3.53, +6.854, +5.594,+0.983
1527925380,+3.52, +6.806, +5.532,+0.983
1527925980,+3.52, +6.874, +5.551,+0.983
1527926580,+3.52, +6.806, +5.667,+0.983
1527927180,+3.52, +6.893, +6.051,+0.983
1527927780,+3.52, +6.970, +5.983,+0.983
1527928380,+3.52, +6.893, +5.909,+0.983
1527928980,+3.52, +6.951, +5.989,+0.983
1527929580,+3.52, +6.883, +6.101,+0.983
1527930180,+3.52, +6.980, +6.046,+0.983
1527930780,+3.52, +6.970, +6.298,+0.983
1527931380,+3.52, +7.028, +6.407,+0.983
1527931980,+3.52, +6.990, +6.536,+0.983
1527932580,+3.52, +6.970, +6.554,+0.983
1527933180,+3.52, +6.999, +6.506,+0.983
1527933780,+3.52, +6.990, +6.639,+0.983
1527934380,+3.52, +6.999, +6.620,+0.983
1527934980,+3.52, +7.086, +6.685,+0.983
1527935580,+3.52, +7.076, +6.515,+0.983
1527936180,+3.52, +7.009, +6.430,+0.983
1527936780,+3.52, +6.990, +6.518,+0.983
1527937380,+3.52, +7.047, +6.537,+0.983
