7450-821901
OS REV: 1.03 Sensor Cal: 1524169364
Time (sec),  BV (Volts),  T (deg C),  DO (mg/l),  Q ()
1534114980,+3.49, +7.737, +0.068,+0.961
1534115580,+3.49, +7.775, +0.067,+0.961
1534116180,+3.49, +7.784, +0.067,+0.961
1534116780,+3.49, +7.746, +0.067,+0.961
1534117380,+3.49, +7.784, +0.067,+0.961
1534117980,+3.49, +7.841, +0.068,+0.961
1534118580,+3.49, +7.784, +0.068,+0.961
1534119180,+3.49, +7.860, +0.067,+0.961
1534119780,+3.49, +7.851, +0.067,+0.961
1534120380,+3.49, +7.784, +0.067,+0.961
1534120980,+3.49, +7.765, +0.068,+0.961
1534121580,+3.49, +7.898, +0.067,+0.961
1534122180,+3.49, +7.851, +0.067,+0.961
1534122780,+3.49, +7.879, +0.067,+0.961
1534123380,+3.49, +7.870, +0.067,+0.961
1534123980,+3.49, +7.775, +0.068,+0.961
1534124580,+3.49, +7.936, +0.067,+0.961
1534125180,+3.49, +7.898, +0.067,+0.961
1534125780,+3.49, +7.822, +0.067,+0.961
1534126380,+3.49, +7.870, +0.067,+0.961
1534126980,+3.49, +7.898, +0.067,+0.961
1534127580,+3.49, +7.832, +0.068,+0.961
1534128180,+3.49, +7.841, +0.067,+0.961
1534128780,+3.49, +7.870, +0.067,+0.961
1534129380,+3.49, +7.775, +0.068,+0.961
1534129980,+3.49, +7.841, +0.067,+0.961
1534130580,+3.49, +7.813, +0.068,+0.961
1534131180,+3.49, +7.813, +0.067,+0.961
1534131780,+3.49, +7.756, +0.068,+0.961
1534132380,+3.49, +7.765, +0.067,+0.961
1534132980,+3.49, +7.822, +0.068,+0.961
1534133580,+3.49, +7.775, +0.068,+0.961
1534134180,+3.49, +7.832, +0.067,+0.961
1534134780,+3.49, +7.879, +0.067,+0.961
1534135380,+3.49, +7.917, +0.067,+0.961
1534135980,+3.49, +7.974, +0.067,+0.961
1534136580,+3.49, +7.898, +0.068,+0.961
1534137180,+3.49, +7.974, +0.067,+0.961
1534137780,+3.49, +7.946, +0.067,+0.961
1534138380,+3.49, +7.955, +0.067,+0.961
1534138980,+3.49, +7.908, +0.067,+0.961
1534139580,+3.49, +7.841, +0.067,+0.961
1534140180,+3.49, +7.756, +0.068,+0.961
1534140780,+3.49, +7.756, +0.068,+0.961
1534141380,+3.49, +7.841, +0.067,+0.961
1534141980,+3.49, +7.775, +0.067,+0.961
1534142580,+3.49, +7.756, +0.067,+0.961
1534143180,+3.49, +7.765, +0.067,+0.961
1534143780,+3.49, +7.822, +0.067,+0.961
1534144380,+3.49, +7.822, +0.068,+0.961
1534144980,+3.49, +7.851, +0.067,+0.961
1534145580,+3.49, +7.813, +0.067,+0.961
1534146180,+3.49, +7.765, +0.067,+0.961
1534146780,+3.49, +7.661, +0.068,+0.961
1534147380,+3.49, +7.727, +0.068,+0.961
1534147980,+3.49, +7.727, +0.067,+0.961
1534148580,+3.49, +7.651, +0.068,+0.961
1534149180,+3.49, +7.699, +0.067,+0.961
1534149780,+3.49, +7.670, +0.067,+0.961
1534150380,+3.49, +7.661, +0.067,+0.961
1534150980,+3.49, +7.680, +0.067,+0.961
1534151580,+3.49, +7.632, +0.067,+0.961
1534152180,+3.49, +7.565, +0.068,+0.961
1534152780,+3.49, +7.699, +0.067,+0.961
1534153380,+3.49, +7.699, +0.068,+0.961
1534153980,+3.49, +7.699, +0.067,+0.961
1534154580,+3.49, +7.632, +0.068,+0.961
1534155180,+3.49, +7.642, +0.068,+0.961
1534155780,+3.49, +7.699, +0.068,+0.961
1534156380,+3.49, +7.699, +0.068,+0.961
1534156980,+3.49, +7.670, +0.068,+0.961
1534157580,+3.49, +7.680, +0.068,+0.961
1534158180,+3.49, +7.718, +0.067,+0.961
1534158780,+3.49, +7.623, +0.068,+0.961
1534159380,+3.49, +7.775, +0.067,+0.961
1534159980,+3.49, +7.670, +0.068,+0.961
1534160580,+3.49, +7.737, +0.067,+0.961
1534161180,+3.49, +7.727, +0.068,+0.961
1534161780,+3.49, +7.727, +0.067,+0.961
1534162380,+3.49, +7.746, +0.067,+0.961
1534162980,+3.49, +7.727, +0.067,+0.961
1534163580,+3.49, +7.680, +0.068,+0.961
1534164180,+3.49, +7.746, +0.068,+0.961
1534164780,+3.49, +7.775, +0.067,+0.961
1534165380,+3.49, +7.784, +0.067,+0.961
1534165980,+3.49, +7.737, +0.068,+0.961
1534166580,+3.49, +7.765, +0.068,+0.961
1534167180,+3.49, +7.756, +0.067,+0.961
1534167780,+3.49, +7.737, +0.067,+0.961
1534168380,+3.49, +7.632, +0.068,+0.961
1534168980,+3.49, +7.689, +0.068,+0.961
1534169580,+3.49, +7.737, +0.068,+0.961
1534170180,+3.49, +7.756, +0.067,+0.961
1534170780,+3.49, +7.803, +0.067,+0.961
1534171380,+3.49, +7.803, +0.068,+0.961
1534171980,+3.49, +7.832, +0.068,+0.961
1534172580,+3.49, +7.803, +0.067,+0.961
1534173180,+3.49, +7.851, +0.067,+0.961
1534173780,+3.49, +7.803, +0.068,+0.961
1534174380,+3.49, +7.794, +0.067,+0.961
1534174980,+3.49, +7.775, +0.068,+0.961
1534175580,+3.49, +7.727, +0.067,+0.961
1534176180,+3.49, +7.718, +0.067,+0.961
1534176780,+3.49, +7.727, +0.067,+0.961
1534177380,+3.49, +7.794, +0.067,+0.961
1534177980,+3.49, +7.718, +0.067,+0.961
1534178580,+3.49, +7.803, +0.067,+0.961
1534179180,+3.49, +7.746, +0.068,+0.961
1534179780,+3.49, +7.746, +0.067,+0.961
1534180380,+3.49, +7.756, +0.067,+0.961
1534180980,+3.49, +7.784, +0.067,+0.961
1534181580,+3.49, +7.708, +0.067,+0.961
1534182180,+3.49, +7.765, +0.067,+0.961
1534182780,+3.49, +7.765, +0.067,+0.961
1534183380,+3.49, +7.737, +0.067,+0.961
1534183980,+3.49, +7.680, +0.067,+0.961
1534184580,+3.49, +7.670, +0.067,+0.961
1534185180,+3.49, +7.708, +0.067,+0.961
1534185780,+3.49, +7.784, +0.067,+0.961
1534186380,+3.49, +7.803, +0.067,+0.961
1534186980,+3.49, +7.813, +0.067,+0.961
1534187580,+3.49, +7.889, +0.067,+0.961
1534188180,+3.49, +7.889, +0.067,+0.961
1534188780,+3.49, +7.870, +0.067,+0.961
1534189380,+3.49, +7.813, +0.068,+0.961
1534189980,+3.49, +7.851, +0.067,+0.961
1534190580,+3.49, +7.803, +0.068,+0.961
1534191180,+3.49, +7.727, +0.067,+0.961
1534191780,+3.49, +7.718, +0.068,+0.961
1534192380,+3.49, +7.756, +0.067,+0.961
1534192980,+3.49, +7.737, +0.067,+0.961
1534193580,+3.49, +7.718, +0.067,+0.961
1534194180,+3.49, +7.794, +0.067,+0.961
1534194780,+3.49, +7.727, +0.067,+0.961
1534195380,+3.49, +7.756, +0.068,+0.961
1534195980,+3.49, +7.813, +0.067,+0.961
1534196580,+3.49, +7.737, +0.067,+0.961
1534197180,+3.49, +7.765, +0.067,+0.961
1534197780,+3.49, +7.756, +0.067,+0.961
1534198380,+3.49, +7.746, +0.068,+0.961
1534198980,+3.49, +7.765, +0.068,+0.961
1534199580,+3.49, +7.841, +0.068,+0.961
1534200180,+3.49, +7.794, +0.068,+0.961
1534200780,+3.49, +7.851, +0.067,+0.961
1534201380,+3.49, +7.832, +0.068,+0.961
