7450-514202
OS REV: 1.03 Sensor Cal: 1524170872
Time (sec),  BV (Volts),  T (deg C),  DO (mg/l),  Q ()
1533332220,+3.51,+10.780, +0.057,+0.954
1533332820,+3.51,+10.789, +0.057,+0.954
1533333420,+3.51,+10.789, +0.057,+0.954
1533334020,+3.51,+10.744, +0.057,+0.954
1533334620,+3.51,+10.817, +0.057,+0.954
1533335220,+3.51,+10.780, +0.057,+0.954
1533335820,+3.51,+10.780, +0.057,+0.954
1533336420,+3.51,+10.771, +0.057,+0.954
1533337020,+3.51,+10.762, +0.057,+0.954
1533337620,+3.51,+10.726, +0.057,+0.954
1533338220,+3.51,+10.726, +0.057,+0.954
1533338820,+3.51,+10.726, +0.057,+0.954
1533339420,+3.51,+10.726, +0.057,+0.954
1533340020,+3.51,+10.771, +0.057,+0.954
1533340620,+3.51,+10.717, +0.057,+0.954
1533341220,+3.51,+10.744, +0.057,+0.954
1533341820,+3.51,+10.744, +0.057,+0.954
1533342420,+3.51,+10.735, +0.057,+0.954
1533343020,+3.51,+10.735, +0.057,+0.954
1533343620,+3.51,+10.681, +0.057,+0.954
1533344220,+3.51,+10.735, +0.057,+0.954
1533344820,+3.51,+10.771, +0.057,+0.954
1533345420,+3.51,+10.708, +0.057,+0.954
1533346020,+3.51,+10.753, +0.056,+0.954
1533346620,+3.51,+10.744, +0.057,+0.954
1533347220,+3.51,+10.762, +0.057,+0.954
1533347820,+3.51,+10.744, +0.057,+0.954
1533348420,+3.51,+10.771, +0.057,+0.954
1533349020,+3.51,+10.762, +0.057,+0.954
1533349620,+3.51,+10.762, +0.057,+0.954
1533350220,+3.51,+10.835, +0.057,+0.954
1533350820,+3.51,+10.817, +0.057,+0.954
1533351420,+3.51,+10.780, +0.057,+0.954
1533352020,+3.51,+10.789, +0.057,+0.954
1533352620,+3.51,+10.771, +0.057,+0.954
1533353220,+3.51,+10.780, +0.057,+0.954
1533353820,+3.51,+10.771, +0.057,+0.954
1533354420,+3.51,+10.780, +0.057,+0.954
1533355020,+3.51,+10.744, +0.057,+0.954
1533355620,+3.51,+10.717, +0.057,+0.954
1533356220,+3.51,+10.817, +0.056,+0.954
1533356820,+3.51,+10.762, +0.057,+0.954
1533357420,+3.51,+10.771, +0.057,+0.954
1533358020,+3.51,+10.771, +0.057,+0.954
1533358620,+3.51,+10.835, +0.057,+0.954
1533359220,+3.51,+10.817, +0.057,+0.954
1533359820,+3.51,+10.780, +0.057,+0.954
1533360420,+3.51,+10.789, +0.057,+0.954
1533361020,+3.51,+10.762, +0.057,+0.954
1533361620,+3.51,+10.780, +0.057,+0.954
1533362220,+3.51,+10.771, +0.057,+0.954
1533362820,+3.51,+10.726, +0.057,+0.954
1533363420,+3.51,+10.708, +0.057,+0.954
1533364020,+3.51,+10.645, +0.057,+0.954
1533364620,+3.51,+10.590, +0.057,+0.954
1533365220,+3.51,+10.617, +0.057,+0.954
1533365820,+3.51,+10.645, +0.057,+0.954
1533366420,+3.51,+10.672, +0.057,+0.954
1533367020,+3.51,+10.672, +0.057,+0.954
1533367620,+3.51,+10.681, +0.057,+0.954
1533368220,+3.51,+10.717, +0.057,+0.954
1533368820,+3.51,+10.672, +0.057,+0.954
1533369420,+3.51,+10.717, +0.057,+0.954
1533370020,+3.51,+10.681, +0.057,+0.954
1533370620,+3.51,+10.735, +0.057,+0.954
1533371220,+3.51,+10.717, +0.057,+0.954
1533371820,+3.51,+10.699, +0.056,+0.954
1533372420,+3.51,+10.663, +0.057,+0.954
1533373020,+3.51,+10.654, +0.057,+0.954
1533373620,+3.51,+10.699, +0.057,+0.954
1533374220,+3.51,+10.771, +0.057,+0.954
1533374820,+3.51,+10.726, +0.057,+0.954
1533375420,+3.51,+10.708, +0.057,+0.954
1533376020,+3.51,+10.699, +0.057,+0.954
1533376620,+3.51,+10.717, +0.057,+0.954
1533377220,+3.51,+10.726, +0.057,+0.954
1533377820,+3.51,+10.735, +0.057,+0.954
1533378420,+3.51,+10.690, +0.057,+0.954
1533379020,+3.51,+10.744, +0.057,+0.954
1533379620,+3.51,+10.762, +0.057,+0.954
1533380220,+3.51,+10.681, +0.057,+0.954
1533380820,+3.51,+10.771, +0.057,+0.954
1533381420,+3.51,+10.753, +0.057,+0.954
1533382020,+3.51,+10.789, +0.056,+0.954
1533382620,+3.51,+10.744, +0.057,+0.954
1533383220,+3.51,+10.762, +0.057,+0.954
1533383820,+3.51,+10.808, +0.057,+0.954
1533384420,+3.51,+10.789, +0.057,+0.954
1533385020,+3.51,+10.871, +0.056,+0.954
1533385620,+3.51,+10.835, +0.057,+0.954
1533386220,+3.51,+10.808, +0.057,+0.954
1533386820,+3.51,+10.762, +0.057,+0.954
1533387420,+3.51,+10.762, +0.058,+0.954
1533388020,+3.51,+10.789, +0.056,+0.954
1533388620,+3.51,+10.762, +0.057,+0.954
1533389220,+3.51,+10.780, +0.057,+0.954
1533389820,+3.51,+10.771, +0.057,+0.954
1533390420,+3.51,+10.681, +0.057,+0.954
1533391020,+3.51,+10.762, +0.057,+0.954
1533391620,+3.51,+10.753, +0.056,+0.954
1533392220,+3.51,+10.744, +0.057,+0.954
1533392820,+3.51,+10.735, +0.057,+0.954
1533393420,+3.51,+10.726, +0.057,+0.954
1533394020,+3.51,+10.762, +0.057,+0.954
1533394620,+3.51,+10.771, +0.057,+0.954
1533395220,+3.51,+10.735, +0.057,+0.954
1533395820,+3.51,+10.780, +0.057,+0.954
1533396420,+3.51,+10.735, +0.057,+0.954
1533397020,+3.51,+10.744, +0.057,+0.954
1533397620,+3.51,+10.798, +0.057,+0.954
1533398220,+3.51,+10.753, +0.057,+0.954
1533398820,+3.51,+10.735, +0.057,+0.954
1533399420,+3.51,+10.717, +0.057,+0.954
1533400020,+3.51,+10.862, +0.056,+0.954
1533400620,+3.51,+10.817, +0.057,+0.954
1533401220,+3.51,+10.789, +0.057,+0.954
1533401820,+3.51,+10.808, +0.057,+0.954
1533402420,+3.51,+10.771, +0.057,+0.954
1533403020,+3.51,+10.826, +0.057,+0.954
1533403620,+3.51,+10.808, +0.057,+0.954
1533404220,+3.51,+10.862, +0.057,+0.954
1533404820,+3.51,+10.880, +0.056,+0.954
1533405420,+3.51,+10.898, +0.056,+0.954
1533406020,+3.51,+10.835, +0.057,+0.954
1533406620,+3.51,+10.853, +0.057,+0.954
1533407220,+3.51,+10.880, +0.057,+0.954
1533407820,+3.51,+10.880, +0.057,+0.954
1533408420,+3.51,+10.880, +0.057,+0.954
1533409020,+3.51,+10.898, +0.057,+0.954
1533409620,+3.51,+10.970, +0.057,+0.954
1533410220,+3.51,+10.952, +0.057,+0.954
1533410820,+3.51,+10.853, +0.057,+0.954
1533411420,+3.51,+10.853, +0.057,+0.954
1533412020,+3.51,+10.780, +0.057,+0.954
1533412620,+3.51,+10.798, +0.057,+0.954
1533413220,+3.51,+10.844, +0.057,+0.954
1533413820,+3.51,+10.916, +0.057,+0.954
1533414420,+3.51,+10.853, +0.058,+0.954
1533415020,+3.51,+10.997, +0.056,+0.954
1533415620,+3.51,+10.952, +0.057,+0.954
1533416220,+3.51,+10.916, +0.057,+0.954
1533416820,+3.51,+10.898, +0.057,+0.954
1533417420,+3.51,+10.844, +0.057,+0.954
1533418020,+3.51,+10.853, +0.057,+0.954
1533418620,+3.51,+10.789, +0.057,+0.954
