7450-326790
OS REV: 1.03 Sensor Cal: 1524171803
Time (sec),  BV (Volts),  T (deg C),  DO (mg/l),  Q ()
1533071160,+3.49, +9.185, +2.307,+0.961
1533071760,+3.49, +9.425, +2.263,+0.961
1533072360,+3.49, +9.333, +2.309,+0.961
1533072960,+3.49, +9.379, +2.395,+0.961
1533073560,+3.49, +9.333, +2.323,+0.961
1533074160,+3.49, +9.610, +2.701,+0.962
1533074760,+3.49, +9.830, +3.186,+0.962
1533075360,+3.49, +9.702, +2.878,+0.962
1533075960,+3.49, +9.545, +2.591,+0.961
1533076560,+3.49, +9.619, +2.654,+0.961
1533077160,+3.49, +9.527, +2.617,+0.961
1533077760,+3.49, +9.361, +2.407,+0.961
1533078360,+3.49, +9.444, +2.434,+0.961
1533078960,+3.49, +9.490, +2.509,+0.961
1533079560,+3.49, +9.481, +2.516,+0.961
1533080160,+3.49, +9.287, +2.476,+0.961
1533080760,+3.49, +9.351, +2.462,+0.961
1533081360,+3.49, +9.268, +2.422,+0.961
1533081960,+3.49, +9.444, +2.419,+0.961
1533082560,+3.49, +9.601, +2.721,+0.961
1533083160,+3.49, +9.573, +2.654,+0.962
1533083760,+3.49, +9.610, +2.732,+0.962
1533084360,+3.49, +9.545, +2.692,+0.962
1533084960,+3.49, +9.287, +2.514,+0.961
1533085560,+3.49, +9.425, +2.533,+0.961
1533086160,+3.49, +9.333, +2.461,+0.961
1533086760,+3.49, +9.333, +2.496,+0.961
1533087360,+3.49, +9.268, +2.485,+0.961
1533087960,+3.49, +9.157, +2.269,+0.961
1533088560,+3.49, +9.148, +2.451,+0.961
1533089160,+3.49, +9.138, +2.358,+0.961
1533089760,+3.49, +8.999, +2.186,+0.961
1533090360,+3.49, +9.166, +2.264,+0.961
1533090960,+3.49, +9.250, +2.442,+0.961
1533091560,+3.49, +9.361, +2.530,+0.961
1533092160,+3.49, +9.351, +2.525,+0.961
1533092760,+3.49, +9.259, +2.524,+0.961
1533093360,+3.49, +9.213, +2.378,+0.961
1533093960,+3.49, +9.166, +2.351,+0.961
1533094560,+3.49, +9.268, +2.459,+0.961
1533095160,+3.49, +9.527, +2.566,+0.961
1533095760,+3.49, +9.619, +2.751,+0.961
1533096360,+3.49, +9.628, +2.699,+0.961
1533096960,+3.49, +9.748, +2.921,+0.962
1533097560,+3.49, +9.702, +2.810,+0.962
1533098160,+3.49, +9.922, +3.212,+0.962
1533098760,+3.49,+10.242, +4.233,+0.961
1533099360,+3.49,+10.251, +4.333,+0.961
1533099960,+3.49,+10.352, +4.534,+0.961
1533100560,+3.49,+10.270, +4.298,+0.961
1533101160,+3.49,+10.105, +3.661,+0.961
1533101760,+3.49,+10.215, +3.928,+0.961
1533102360,+3.49,+10.169, +3.661,+0.961
1533102960,+3.49,+10.452, +4.540,+0.961
1533103560,+3.49,+10.524, +4.458,+0.961
1533104160,+3.49,+10.251, +4.161,+0.961
1533104760,+3.49, +9.986, +3.413,+0.962
1533105360,+3.49,+10.032, +3.479,+0.961
1533105960,+3.49, +9.995, +3.534,+0.962
1533106560,+3.49, +9.995, +3.462,+0.962
1533107160,+3.49,+10.087, +3.566,+0.961
1533107760,+3.49,+10.078, +3.848,+0.961
1533108360,+3.49,+10.133, +4.114,+0.961
1533108960,+3.49,+10.078, +3.836,+0.962
1533109560,+3.49,+10.105, +3.844,+0.961
1533110160,+3.49, +9.647, +2.531,+0.961
1533110760,+3.49, +9.876, +3.734,+0.962
1533111360,+3.49, +9.849, +3.813,+0.962
1533111960,+3.49, +9.794, +3.196,+0.962
1533112560,+3.49, +9.711, +3.165,+0.962
1533113160,+3.49, +9.720, +3.518,+0.962
1533113760,+3.49, +9.619, +2.882,+0.962
1533114360,+3.49, +9.803, +3.654,+0.962
1533114960,+3.49, +9.766, +3.576,+0.962
1533115560,+3.49, +9.729, +3.313,+0.962
1533116160,+3.49, +9.775, +3.458,+0.962
1533116760,+3.49, +9.858, +3.756,+0.962
1533117360,+3.49,+10.087, +4.110,+0.961
1533117960,+3.49,+10.315, +4.295,+0.961
1533118560,+3.49,+10.160, +4.104,+0.961
1533119160,+3.49,+10.379, +4.393,+0.961
1533119760,+3.49,+10.506, +4.545,+0.961
1533120360,+3.49,+10.615, +4.767,+0.961
1533120960,+3.49,+10.297, +4.300,+0.961
1533121560,+3.49,+10.197, +4.138,+0.961
1533122160,+3.49,+10.050, +3.937,+0.961
1533122760,+3.49,+10.005, +3.602,+0.962
1533123360,+3.49,+10.060, +3.870,+0.962
1533123960,+3.49,+10.069, +3.946,+0.961
1533124560,+3.49, +9.913, +3.662,+0.962
1533125160,+3.49, +9.968, +3.871,+0.961
1533125760,+3.49, +9.775, +3.459,+0.962
1533126360,+3.49, +9.904, +3.645,+0.962
1533126960,+3.49, +9.858, +3.580,+0.962
1533127560,+3.49, +9.555, +3.047,+0.962
1533128160,+3.49, +9.499, +2.899,+0.962
1533128760,+3.49, +9.499, +2.910,+0.962
1533129360,+3.49, +9.444, +2.967,+0.962
1533129960,+3.49, +9.499, +2.875,+0.962
1533130560,+3.49, +9.518, +2.760,+0.962
1533131160,+3.49, +9.481, +2.828,+0.962
1533131760,+3.49, +9.518, +2.684,+0.961
1533132360,+3.49, +9.555, +2.575,+0.961
1533132960,+3.49, +9.729, +3.291,+0.962
1533133560,+3.49, +9.757, +3.315,+0.962
1533134160,+3.49, +9.729, +3.055,+0.962
1533134760,+3.49, +9.775, +3.105,+0.962
1533135360,+3.49, +9.729, +2.802,+0.962
1533135960,+3.49, +9.729, +2.784,+0.962
1533136560,+3.49, +9.766, +2.896,+0.962
1533137160,+3.49, +9.693, +2.784,+0.962
1533137760,+3.49, +9.628, +2.697,+0.961
1533138360,+3.49, +9.647, +2.781,+0.962
1533138960,+3.49, +9.628, +2.741,+0.962
1533139560,+3.49, +9.601, +2.863,+0.962
1533140160,+3.49, +9.564, +2.831,+0.962
1533140760,+3.49, +9.573, +2.890,+0.962
1533141360,+3.49, +9.545, +2.871,+0.962
1533141960,+3.49, +9.665, +2.781,+0.962
1533142560,+3.49, +9.674, +2.771,+0.961
1533143160,+3.49, +9.693, +2.776,+0.962
1533143760,+3.49, +9.794, +2.793,+0.961
1533144360,+3.49, +9.748, +2.805,+0.962
1533144960,+3.49, +9.785, +2.778,+0.962
1533145560,+3.49, +9.711, +2.780,+0.962
1533146160,+3.49, +9.729, +2.724,+0.961
1533146760,+3.49, +9.739, +2.693,+0.961
1533147360,+3.49, +9.748, +2.709,+0.962
1533147960,+3.49, +9.711, +2.707,+0.961
1533148560,+3.49, +9.748, +2.674,+0.961
1533149160,+3.49, +9.904, +2.850,+0.962
1533149760,+3.49, +9.913, +2.980,+0.961
1533150360,+3.49, +9.775, +2.799,+0.961
1533150960,+3.49, +9.720, +2.623,+0.961
1533151560,+3.49, +9.665, +2.569,+0.961
1533152160,+3.49, +9.573, +2.530,+0.961
1533152760,+3.49, +9.527, +2.409,+0.961
1533153360,+3.49, +9.518, +2.397,+0.961
1533153960,+3.49, +9.444, +2.361,+0.961
1533154560,+3.49, +9.379, +2.254,+0.961
1533155160,+3.49, +9.453, +2.348,+0.961
1533155760,+3.49, +9.453, +2.232,+0.961
1533156360,+3.49, +9.370, +2.225,+0.961
1533156960,+3.49, +9.453, +2.304,+0.961
1533157560,+3.49, +9.490, +2.383,+0.961
