7450-326790
OS REV: 1.03 Sensor Cal: 1524171803
Time (sec),  BV (Volts),  T (deg C),  DO (mg/l),  Q ()
1532810160,+3.49, +9.296, +2.471,+0.961
1532810760,+3.49, +9.231, +2.468,+0.961
1532811360,+3.49, +9.536, +3.042,+0.962
1532811960,+3.49, +9.305, +2.624,+0.962
1532812560,+3.49, +9.213, +2.537,+0.962
1532813160,+3.49, +9.240, +2.528,+0.962
1532813760,+3.49, +9.296, +2.588,+0.962
1532814360,+3.49, +9.314, +2.660,+0.962
1532814960,+3.49, +9.259, +2.341,+0.961
1532815560,+3.49, +9.240, +2.520,+0.962
1532816160,+3.49, +9.277, +2.482,+0.961
1532816760,+3.49, +9.527, +2.721,+0.962
1532817360,+3.49, +9.628, +3.444,+0.962
1532817960,+3.49, +9.610, +3.327,+0.962
1532818560,+3.49, +9.407, +2.846,+0.962
1532819160,+3.49, +9.481, +2.960,+0.962
1532819760,+3.49, +9.573, +3.073,+0.962
1532820360,+3.49, +9.573, +3.091,+0.962
1532820960,+3.49, +9.324, +2.685,+0.962
1532821560,+3.49, +9.361, +2.683,+0.962
1532822160,+3.49, +9.324, +2.564,+0.962
1532822760,+3.49, +9.240, +2.478,+0.962
1532823360,+3.49, +9.287, +2.485,+0.961
1532823960,+3.49, +9.398, +2.598,+0.961
1532824560,+3.49, +9.166, +2.440,+0.962
1532825160,+3.49, +9.018, +2.162,+0.961
1532825760,+3.49, +8.980, +2.083,+0.961
1532826360,+3.49, +9.194, +2.317,+0.961
1532826960,+3.49, +8.990, +2.182,+0.961
1532827560,+3.49, +9.092, +2.155,+0.961
1532828160,+3.49, +9.194, +2.476,+0.962
1532828760,+3.49, +9.064, +2.378,+0.962
1532829360,+3.49, +9.073, +2.279,+0.961
1532829960,+3.49, +9.314, +2.294,+0.961
1532830560,+3.49, +9.185, +2.400,+0.962
1532831160,+3.49, +9.092, +2.324,+0.961
1532831760,+3.49, +9.101, +2.266,+0.961
1532832360,+3.49, +9.110, +2.319,+0.961
1532832960,+3.49, +9.259, +2.457,+0.961
1532833560,+3.49, +9.379, +2.714,+0.962
1532834160,+3.49, +9.259, +2.720,+0.962
1532834760,+3.49, +9.268, +2.620,+0.962
1532835360,+3.49, +9.388, +2.976,+0.962
1532835960,+3.49, +9.564, +3.202,+0.962
1532836560,+3.49, +9.748, +3.349,+0.962
1532837160,+3.49, +9.895, +3.562,+0.962
1532837760,+3.49,+10.096, +3.903,+0.962
1532838360,+3.49,+10.041, +3.657,+0.962
1532838960,+3.49, +9.986, +3.682,+0.962
1532839560,+3.49, +9.720, +3.400,+0.962
1532840160,+3.49, +9.729, +3.395,+0.962
1532840760,+3.49, +9.913, +3.586,+0.962
1532841360,+3.49,+10.142, +4.095,+0.961
1532841960,+3.49, +9.904, +3.730,+0.962
1532842560,+3.49, +9.729, +3.439,+0.962
1532843160,+3.49, +9.739, +3.377,+0.962
1532843760,+3.49, +9.821, +3.481,+0.962
1532844360,+3.49,+10.060, +3.931,+0.962
1532844960,+3.49, +9.830, +3.549,+0.962
1532845560,+3.49, +9.665, +3.212,+0.962
1532846160,+3.49, +9.656, +3.024,+0.962
1532846760,+3.49, +9.628, +2.967,+0.962
1532847360,+3.49, +9.555, +2.861,+0.962
1532847960,+3.49, +9.628, +2.809,+0.962
1532848560,+3.49, +9.619, +3.158,+0.962
1532849160,+3.49, +9.527, +3.049,+0.962
1532849760,+3.49, +9.527, +3.094,+0.962
1532850360,+3.49, +9.564, +2.845,+0.962
1532850960,+3.49, +9.904, +3.527,+0.962
1532851560,+3.49, +9.830, +3.626,+0.962
1532852160,+3.49, +9.656, +3.226,+0.962
1532852760,+3.49, +9.720, +3.245,+0.962
1532853360,+3.49, +9.601, +3.155,+0.962
1532853960,+3.49, +9.536, +3.078,+0.962
1532854560,+3.49, +9.536, +3.060,+0.962
1532855160,+3.49, +9.656, +3.213,+0.962
1532855760,+3.49, +9.720, +3.314,+0.962
1532856360,+3.49, +9.665, +3.165,+0.962
1532856960,+3.49, +9.573, +2.903,+0.962
1532857560,+3.49, +9.775, +3.348,+0.962
1532858160,+3.49, +9.812, +3.427,+0.962
1532858760,+3.49, +9.867, +3.366,+0.962
1532859360,+3.49, +9.830, +3.294,+0.962
1532859960,+3.49, +9.555, +2.969,+0.962
1532860560,+3.49, +9.527, +3.057,+0.962
1532861160,+3.49, +9.508, +3.097,+0.962
1532861760,+3.49, +9.462, +2.892,+0.962
1532862360,+3.49, +9.739, +3.444,+0.962
1532862960,+3.49, +9.986, +3.638,+0.962
1532863560,+3.49, +9.766, +3.527,+0.962
1532864160,+3.49, +9.720, +3.283,+0.962
1532864760,+3.49, +9.922, +3.472,+0.962
1532865360,+3.49,+10.114, +3.842,+0.961
1532865960,+3.49,+10.041, +3.637,+0.962
1532866560,+3.49, +9.968, +3.610,+0.962
1532867160,+3.49,+10.060, +3.772,+0.962
1532867760,+3.49,+10.105, +3.959,+0.962
1532868360,+3.49,+10.178, +4.042,+0.961
1532868960,+3.49, +9.950, +3.913,+0.962
1532869560,+3.49, +9.821, +3.740,+0.962
1532870160,+3.49, +9.794, +3.670,+0.962
1532870760,+3.49, +9.886, +3.722,+0.962
1532871360,+3.49, +9.794, +3.659,+0.962
1532871960,+3.49, +9.702, +3.581,+0.962
1532872560,+3.49, +9.693, +3.366,+0.962
1532873160,+3.49, +9.564, +3.312,+0.962
1532873760,+3.49, +9.536, +3.149,+0.962
1532874360,+3.49, +9.637, +3.281,+0.962
1532874960,+3.49, +9.619, +3.319,+0.962
1532875560,+3.49, +9.647, +3.343,+0.962
1532876160,+3.49, +9.591, +3.227,+0.962
1532876760,+3.49, +9.499, +3.128,+0.962
1532877360,+3.49, +9.573, +3.179,+0.962
1532877960,+3.49, +9.702, +3.409,+0.962
1532878560,+3.49, +9.876, +3.642,+0.962
1532879160,+3.49, +9.977, +3.913,+0.961
1532879760,+3.49, +9.941, +3.913,+0.962
1532880360,+3.49, +9.739, +3.690,+0.962
1532880960,+3.49, +9.812, +3.516,+0.962
1532881560,+3.49, +9.794, +3.543,+0.962
1532882160,+3.49, +9.886, +3.573,+0.962
1532882760,+3.49, +9.739, +3.507,+0.962
1532883360,+3.49, +9.656, +3.387,+0.962
1532883960,+3.49, +9.683, +3.303,+0.962
1532884560,+3.49, +9.647, +3.207,+0.962
1532885160,+3.49, +9.674, +3.291,+0.962
1532885760,+3.49, +9.656, +3.347,+0.962
1532886360,+3.49, +9.720, +3.324,+0.962
1532886960,+3.49, +9.536, +3.257,+0.962
1532887560,+3.49, +9.508, +3.106,+0.962
1532888160,+3.49, +9.508, +3.085,+0.962
1532888760,+3.49, +9.518, +3.132,+0.962
1532889360,+3.49, +9.499, +3.012,+0.962
1532889960,+3.49, +9.444, +2.954,+0.962
1532890560,+3.49, +9.425, +2.897,+0.962
1532891160,+3.49, +9.361, +2.753,+0.962
1532891760,+3.49, +9.370, +2.680,+0.962
1532892360,+3.49, +9.435, +2.778,+0.962
1532892960,+3.49, +9.370, +2.811,+0.962
1532893560,+3.49, +9.268, +2.722,+0.962
1532894160,+3.49, +9.185, +2.596,+0.962
1532894760,+3.49, +9.231, +2.575,+0.962
1532895360,+3.49, +9.203, +2.579,+0.962
1532895960,+3.49, +9.240, +2.561,+0.962
1532896560,+3.49, +9.333, +2.590,+0.962
