7450-457033
OS REV: 1.03 Sensor Cal: 1524163433
Time (sec),  BV (Volts),  T (deg C),  DO (mg/l),  Q ()
1528547280,+3.52,+14.772, +9.531,+0.981
1528547880,+3.52,+14.703, +9.402,+0.981
1528548480,+3.52,+14.625, +9.396,+0.982
1528549080,+3.52,+14.547, +9.392,+0.982
1528549680,+3.52,+14.591, +9.357,+0.981
1528550280,+3.52,+14.651, +9.348,+0.981
1528550880,+3.52,+14.703, +9.376,+0.981
1528551480,+3.52,+14.703, +9.374,+0.982
1528552080,+3.52,+14.711, +9.379,+0.982
1528552680,+3.52,+14.720, +9.356,+0.982
1528553280,+3.52,+14.806, +9.395,+0.981
1528553880,+3.52,+14.703, +9.318,+0.981
1528554480,+3.52,+14.642, +9.357,+0.982
1528555080,+3.52,+14.686, +9.332,+0.981
1528555680,+3.52,+14.608, +9.336,+0.982
1528556280,+3.52,+14.530, +9.321,+0.981
1528556880,+3.52,+14.521, +9.325,+0.982
1528557480,+3.52,+14.616, +9.369,+0.981
1528558080,+3.52,+14.625, +9.370,+0.982
1528558680,+3.52,+14.547, +9.348,+0.982
1528559280,+3.52,+14.539, +9.317,+0.981
1528559880,+3.52,+14.616, +9.341,+0.981
1528560480,+3.52,+14.625, +9.400,+0.982
1528561080,+3.52,+14.608, +9.338,+0.982
1528561680,+3.52,+14.469, +9.353,+0.982
1528562280,+3.52,+14.426, +9.377,+0.981
1528562880,+3.52,+14.392, +9.420,+0.982
1528563480,+3.52,+14.374, +9.404,+0.981
1528564080,+3.52,+14.331, +9.423,+0.981
1528564680,+3.52,+14.409, +9.418,+0.981
1528565280,+3.52,+14.409, +9.418,+0.982
1528565880,+3.52,+14.435, +9.492,+0.981
1528566480,+3.52,+14.487, +9.468,+0.981
1528567080,+3.52,+14.418, +9.460,+0.981
1528567680,+3.52,+14.383, +9.461,+0.982
1528568280,+3.52,+14.348, +9.474,+0.981
1528568880,+3.52,+14.296, +9.496,+0.982
1528569480,+3.52,+14.192, +9.516,+0.982
1528570080,+3.52,+14.166, +9.465,+0.982
1528570680,+3.52,+14.131, +9.531,+0.982
1528571280,+3.52,+14.149, +9.508,+0.982
1528571880,+3.52,+14.166, +9.553,+0.982
1528572480,+3.52,+14.201, +9.575,+0.982
1528573080,+3.52,+14.166, +9.526,+0.982
1528573680,+3.52,+14.079, +9.556,+0.982
1528574280,+3.52,+14.149, +9.542,+0.982
1528574880,+3.52,+14.175, +9.494,+0.982
1528575480,+3.52,+14.218, +9.604,+0.982
1528576080,+3.52,+14.288, +9.645,+0.982
1528576680,+3.52,+14.296, +9.560,+0.982
1528577280,+3.52,+14.469, +9.463,+0.982
1528577880,+3.52,+14.677, +9.441,+0.981
1528578480,+3.52,+15.065, +9.376,+0.981
1528579080,+3.52,+15.177, +9.332,+0.981
1528579680,+3.52,+15.228, +9.374,+0.981
1528580280,+3.52,+15.374, +9.568,+0.981
1528580880,+3.52,+15.271, +9.409,+0.981
1528581480,+3.52,+15.159, +9.376,+0.981
1528582080,+3.52,+15.177, +9.378,+0.981
1528582680,+3.52,+15.228, +9.371,+0.981
1528583280,+3.52,+15.159, +9.416,+0.981
1528583880,+3.52,+15.211, +9.511,+0.981
1528584480,+3.52,+15.134, +9.496,+0.981
1528585080,+3.52,+15.159, +9.550,+0.981
1528585680,+3.52,+15.159, +9.486,+0.981
1528586280,+3.52,+15.108, +9.522,+0.981
1528586880,+3.52,+15.048, +9.541,+0.981
1528587480,+3.52,+15.082, +9.493,+0.981
1528588080,+3.52,+15.134, +9.475,+0.981
1528588680,+3.52,+15.116, +9.495,+0.981
1528589280,+3.52,+15.030, +9.515,+0.981
1528589880,+3.52,+15.125, +9.487,+0.981
1528590480,+3.52,+14.987, +9.488,+0.981
1528591080,+3.52,+14.893, +9.594,+0.982
1528591680,+3.52,+14.970, +9.595,+0.982
1528592280,+3.52,+14.815, +9.638,+0.981
1528592880,+3.52,+14.824, +9.657,+0.981
1528593480,+3.52,+14.875, +9.674,+0.982
1528594080,+3.52,+14.798, +9.680,+0.982
1528594680,+3.52,+14.737, +9.694,+0.981
1528595280,+3.52,+14.798, +9.644,+0.982
1528595880,+3.52,+14.677, +9.539,+0.981
1528596480,+3.52,+14.711, +9.519,+0.982
1528597080,+3.52,+14.987, +9.579,+0.981
1528597680,+3.52,+15.056, +9.594,+0.981
1528598280,+3.52,+15.082, +9.541,+0.981
1528598880,+3.52,+15.073, +9.634,+0.982
1528599480,+3.52,+15.048, +9.596,+0.981
1528600080,+3.52,+15.073, +9.560,+0.982
1528600680,+3.52,+15.134, +9.602,+0.982
1528601280,+3.52,+15.082, +9.515,+0.981
1528601880,+3.52,+15.099, +9.525,+0.981
1528602480,+3.52,+14.979, +9.509,+0.981
1528603080,+3.52,+14.996, +9.484,+0.982
1528603680,+3.52,+14.884, +9.501,+0.982
1528604280,+3.52,+14.970, +9.424,+0.981
1528604880,+3.52,+15.099, +9.501,+0.981
1528605480,+3.52,+15.168, +9.434,+0.981
1528606080,+3.52,+15.005, +9.461,+0.981
1528606680,+3.52,+14.962, +9.451,+0.981
1528607280,+3.52,+14.962, +9.449,+0.982
1528607880,+3.52,+14.970, +9.443,+0.981
1528608480,+3.52,+14.755, +9.526,+0.981
1528609080,+3.52,+14.556, +9.526,+0.982
1528609680,+3.52,+14.573, +9.456,+0.982
1528610280,+3.52,+14.513, +9.490,+0.982
1528610880,+3.52,+14.495, +9.494,+0.982
1528611480,+3.52,+14.487, +9.493,+0.982
1528612080,+3.52,+14.703, +9.422,+0.982
1528612680,+3.52,+14.677, +9.435,+0.982
1528613280,+3.52,+14.755, +9.449,+0.982
1528613880,+3.52,+14.901, +9.432,+0.982
1528614480,+3.52,+14.944, +9.423,+0.981
1528615080,+3.52,+14.893, +9.440,+0.982
1528615680,+3.52,+14.858, +9.421,+0.981
1528616280,+3.52,+14.806, +9.430,+0.981
1528616880,+3.52,+14.616, +9.479,+0.982
1528617480,+3.52,+14.755, +9.483,+0.982
1528618080,+3.52,+14.841, +9.459,+0.982
1528618680,+3.52,+14.841, +9.420,+0.981
1528619280,+3.52,+14.858, +9.449,+0.981
1528619880,+3.52,+14.832, +9.419,+0.982
1528620480,+3.52,+14.841, +9.448,+0.982
1528621080,+3.52,+14.944, +9.422,+0.981
1528621680,+3.52,+14.953, +9.432,+0.981
1528622280,+3.52,+14.893, +9.430,+0.982
1528622880,+3.52,+14.962, +9.422,+0.981
1528623480,+3.52,+15.142, +9.414,+0.981
1528624080,+3.52,+15.159, +9.397,+0.981
1528624680,+3.52,+15.280, +9.369,+0.981
1528625280,+3.52,+15.314, +9.367,+0.981
1528625880,+3.52,+15.426, +9.307,+0.981
1528626480,+3.52,+15.409, +9.279,+0.981
1528627080,+3.52,+15.159, +9.325,+0.981
1528627680,+3.52,+15.056, +9.339,+0.981
1528628280,+3.52,+14.987, +9.313,+0.981
1528628880,+3.52,+15.005, +9.388,+0.981
1528629480,+3.52,+14.987, +9.410,+0.981
1528630080,+3.52,+14.944, +9.445,+0.981
1528630680,+3.52,+14.987, +9.442,+0.982
1528631280,+3.52,+14.962, +9.414,+0.981
1528631880,+3.52,+14.918, +9.441,+0.982
1528632480,+3.52,+14.927, +9.455,+0.981
1528633080,+3.52,+14.953, +9.449,+0.981
1528633680,+3.52,+15.056, +9.396,+0.981
