7450-457033
OS REV: 1.03 Sensor Cal: 1524163433
Time (sec),  BV (Volts),  T (deg C),  DO (mg/l),  Q ()
1530635280,+3.54,+19.833, +7.899,+0.981
1530635880,+3.54,+19.900, +7.878,+0.981
1530636480,+3.54,+19.900, +7.890,+0.981
1530637080,+3.54,+19.933, +7.851,+0.981
1530637680,+3.54,+19.766, +7.877,+0.981
1530638280,+3.54,+19.799, +7.883,+0.981
1530638880,+3.54,+19.707, +7.896,+0.981
1530639480,+3.54,+19.866, +7.887,+0.981
1530640080,+3.54,+19.900, +7.878,+0.981
1530640680,+3.54,+19.983, +7.879,+0.981
1530641280,+3.54,+19.975, +7.913,+0.980
1530641880,+3.54,+20.034, +7.866,+0.981
1530642480,+3.54,+20.034, +7.917,+0.981
1530643080,+3.54,+19.983, +7.885,+0.981
1530643680,+3.54,+20.059, +7.878,+0.981
1530644280,+3.54,+20.126, +7.899,+0.980
1530644880,+3.54,+20.050, +7.874,+0.980
1530645480,+3.54,+19.942, +7.882,+0.981
1530646080,+3.54,+19.883, +7.902,+0.981
1530646680,+3.54,+20.009, +7.903,+0.981
1530647280,+3.54,+19.983, +7.894,+0.980
1530647880,+3.54,+19.975, +7.902,+0.981
1530648480,+3.54,+20.000, +7.845,+0.981
1530649080,+3.54,+19.866, +7.866,+0.981
1530649680,+3.54,+19.992, +7.892,+0.981
1530650280,+3.54,+19.933, +7.855,+0.981
1530650880,+3.54,+19.967, +7.887,+0.981
1530651480,+3.54,+19.992, +7.903,+0.981
1530652080,+3.54,+19.975, +7.885,+0.981
1530652680,+3.54,+19.975, +7.923,+0.981
1530653280,+3.54,+20.034, +7.929,+0.980
1530653880,+3.54,+20.084, +7.930,+0.980
1530654480,+3.54,+20.076, +7.950,+0.981
1530655080,+3.54,+20.168, +7.917,+0.980
1530655680,+3.54,+20.017, +7.838,+0.981
1530656280,+3.54,+19.799, +7.716,+0.981
1530656880,+3.54,+19.841, +7.735,+0.980
1530657480,+3.54,+19.313, +7.794,+0.981
1530658080,+3.54,+19.212, +7.781,+0.981
1530658680,+3.54,+19.338, +7.751,+0.981
1530659280,+3.54,+19.506, +7.777,+0.981
1530659880,+3.54,+19.531, +7.848,+0.981
1530660480,+3.54,+19.556, +7.820,+0.981
1530661080,+3.54,+19.640, +7.824,+0.981
1530661680,+3.54,+19.707, +7.796,+0.981
1530662280,+3.54,+19.749, +7.861,+0.981
1530662880,+3.54,+19.791, +7.833,+0.981
1530663480,+3.54,+19.824, +7.839,+0.981
1530664080,+3.54,+19.774, +7.893,+0.981
1530664680,+3.54,+19.824, +7.877,+0.981
1530665280,+3.54,+19.849, +7.899,+0.981
1530665880,+3.54,+19.916, +7.890,+0.981
1530666480,+3.54,+19.916, +7.844,+0.981
1530667080,+3.54,+19.942, +7.867,+0.981
1530667680,+3.54,+20.117, +7.934,+0.981
1530668280,+3.54,+20.084, +7.928,+0.981
1530668880,+3.54,+19.883, +7.890,+0.981
1530669480,+3.54,+19.799, +7.874,+0.981
1530670080,+3.54,+20.050, +7.936,+0.981
1530670680,+3.54,+20.134, +7.879,+0.981
1530671280,+3.54,+20.126, +7.839,+0.980
1530671880,+3.54,+19.967, +7.835,+0.981
1530672480,+3.54,+19.916, +7.794,+0.981
1530673080,+3.54,+19.782, +7.803,+0.981
1530673680,+3.54,+19.891, +7.824,+0.981
1530674280,+3.54,+19.925, +7.813,+0.981
1530674880,+3.54,+19.875, +7.818,+0.981
1530675480,+3.54,+19.799, +7.841,+0.981
1530676080,+3.54,+19.900, +7.826,+0.981
1530676680,+3.54,+19.908, +7.810,+0.981
1530677280,+3.54,+19.916, +7.834,+0.981
1530677880,+3.54,+19.983, +7.826,+0.981
1530678480,+3.54,+19.858, +7.862,+0.981
1530679080,+3.54,+19.916, +7.851,+0.981
1530679680,+3.54,+19.925, +7.861,+0.981
1530680280,+3.54,+19.900, +7.789,+0.981
1530680880,+3.54,+19.875, +7.813,+0.981
1530681480,+3.54,+19.774, +7.757,+0.981
1530682080,+3.54,+19.799, +7.818,+0.981
1530682680,+3.54,+19.866, +7.823,+0.981
1530683280,+3.54,+19.782, +7.792,+0.981
1530683880,+3.54,+19.740, +7.770,+0.981
1530684480,+3.54,+19.699, +7.739,+0.981
1530685080,+3.54,+19.774, +7.803,+0.981
1530685680,+3.54,+19.833, +7.902,+0.981
1530686280,+3.54,+19.883, +7.780,+0.981
1530686880,+3.54,+19.782, +7.806,+0.981
1530687480,+3.54,+19.791, +7.765,+0.981
1530688080,+3.54,+19.849, +7.825,+0.981
1530688680,+3.54,+19.958, +7.818,+0.981
1530689280,+3.54,+19.933, +7.851,+0.981
1530689880,+3.54,+19.958, +7.843,+0.981
1530690480,+3.54,+20.017, +7.802,+0.981
1530691080,+3.54,+19.908, +7.808,+0.981
1530691680,+3.54,+19.799, +7.827,+0.981
1530692280,+3.54,+19.766, +7.773,+0.981
1530692880,+3.54,+19.808, +7.782,+0.981
1530693480,+3.54,+19.849, +7.768,+0.981
1530694080,+3.54,+19.967, +7.784,+0.981
1530694680,+3.54,+20.009, +7.818,+0.980
1530695280,+3.54,+20.076, +7.788,+0.981
1530695880,+3.54,+20.109, +7.804,+0.981
1530696480,+3.54,+20.134, +7.842,+0.981
1530697080,+3.54,+20.184, +7.874,+0.981
1530697680,+3.54,+20.193, +7.818,+0.980
1530698280,+3.54,+20.143, +7.908,+0.981
1530698880,+3.54,+20.134, +7.726,+0.980
1530699480,+3.54,+19.816, +7.685,+0.981
1530700080,+3.54,+19.875, +7.687,+0.981
1530700680,+3.54,+19.866, +7.590,+0.981
1530701280,+3.54,+19.866, +7.501,+0.981
1530701880,+3.54,+19.933, +7.514,+0.980
1530702480,+3.54,+19.942, +7.516,+0.981
1530703080,+3.54,+19.740, +7.599,+0.981
1530703680,+3.54,+19.732, +7.690,+0.980
1530704280,+3.54,+19.816, +7.631,+0.981
1530704880,+3.54,+19.799, +7.623,+0.980
1530705480,+3.54,+19.799, +7.608,+0.981
1530706080,+3.54,+19.640, +7.605,+0.981
1530706680,+3.54,+19.573, +7.607,+0.981
1530707280,+3.54,+19.615, +7.579,+0.981
1530707880,+3.54,+19.632, +7.592,+0.981
1530708480,+3.54,+19.640, +7.580,+0.981
1530709080,+3.54,+19.606, +7.622,+0.981
1530709680,+3.54,+19.590, +7.514,+0.980
1530710280,+3.54,+19.606, +7.573,+0.981
1530710880,+3.54,+19.623, +7.568,+0.980
1530711480,+3.54,+19.707, +7.595,+0.981
1530712080,+3.54,+19.648, +7.528,+0.980
1530712680,+3.54,+19.615, +7.481,+0.980
1530713280,+3.54,+19.531, +7.513,+0.981
1530713880,+3.54,+19.489, +7.482,+0.981
1530714480,+3.54,+19.573, +7.563,+0.981
1530715080,+3.54,+19.548, +7.573,+0.980
1530715680,+3.54,+19.590, +7.547,+0.981
1530716280,+3.54,+19.573, +7.529,+0.981
1530716880,+3.54,+19.623, +7.501,+0.981
1530717480,+3.54,+19.590, +7.556,+0.981
1530718080,+3.54,+19.606, +7.517,+0.981
1530718680,+3.54,+19.665, +7.514,+0.980
1530719280,+3.54,+19.623, +7.553,+0.981
1530719880,+3.54,+19.699, +7.532,+0.981
1530720480,+3.54,+19.556, +7.641,+0.981
1530721080,+3.54,+19.682, +7.639,+0.980
1530721680,+3.54,+19.632, +7.676,+0.981
