7450-870449
OS REV: 1.03 Sensor Cal: 1524170757
Time (sec),  BV (Volts),  T (deg C),  DO (mg/l),  Q ()
1529678640,+3.49, +7.338,+11.591,+0.962
1529679240,+3.49, +7.358,+11.579,+0.962
1529679840,+3.49, +7.338,+11.564,+0.962
1529680440,+3.49, +7.329,+11.558,+0.962
1529681040,+3.49, +7.243,+11.578,+0.962
1529681640,+3.49, +7.243,+11.547,+0.962
1529682240,+3.49, +7.195,+11.573,+0.962
1529682840,+3.49, +7.252,+11.547,+0.962
1529683440,+3.49, +7.243,+11.571,+0.962
1529684040,+3.49, +7.281,+11.573,+0.962
1529684640,+3.49, +7.271,+11.563,+0.962
1529685240,+3.49, +7.405,+11.536,+0.962
1529685840,+3.49, +7.434,+11.543,+0.962
1529686440,+3.49, +7.405,+11.578,+0.962
1529687040,+3.49, +7.501,+11.555,+0.962
1529687640,+3.49, +7.472,+11.577,+0.962
1529688240,+3.49, +7.472,+11.573,+0.962
1529688840,+3.49, +7.396,+11.566,+0.961
1529689440,+3.49, +7.539,+11.601,+0.962
1529690040,+3.49, +7.424,+11.622,+0.962
1529690640,+3.49, +7.568,+11.553,+0.961
1529691240,+3.49, +7.463,+11.597,+0.962
1529691840,+3.49, +7.491,+11.575,+0.962
1529692440,+3.49, +7.558,+11.548,+0.962
1529693040,+3.49, +7.653,+11.595,+0.962
1529693640,+3.49, +7.663,+11.592,+0.962
1529694240,+3.49, +7.663,+11.584,+0.962
1529694840,+3.49, +7.615,+11.571,+0.962
1529695440,+3.49, +7.606,+11.582,+0.962
1529696040,+3.49, +7.529,+11.566,+0.962
1529696640,+3.49, +7.596,+11.529,+0.962
1529697240,+3.49, +7.568,+11.530,+0.962
1529697840,+3.49, +7.520,+11.554,+0.962
1529698440,+3.49, +7.491,+11.569,+0.962
1529699040,+3.49, +7.529,+11.558,+0.962
1529699640,+3.49, +7.510,+11.583,+0.962
1529700240,+3.49, +7.558,+11.572,+0.962
1529700840,+3.49, +7.596,+11.563,+0.962
1529701440,+3.49, +7.520,+11.578,+0.961
1529702040,+3.49, +7.577,+11.546,+0.961
1529702640,+3.49, +7.501,+11.572,+0.962
1529703240,+3.49, +7.510,+11.563,+0.961
1529703840,+3.49, +7.472,+11.564,+0.962
1529704440,+3.49, +7.463,+11.543,+0.961
1529705040,+3.49, +7.358,+11.583,+0.961
1529705640,+3.49, +7.434,+11.562,+0.961
1529706240,+3.49, +7.424,+11.558,+0.962
1529706840,+3.49, +7.405,+11.559,+0.962
1529707440,+3.49, +7.444,+11.555,+0.961
1529708040,+3.49, +7.463,+11.557,+0.962
1529708640,+3.49, +7.463,+11.566,+0.962
1529709240,+3.49, +7.472,+11.581,+0.962
1529709840,+3.49, +7.463,+11.598,+0.962
1529710440,+3.49, +7.396,+11.596,+0.962
1529711040,+3.49, +7.358,+11.585,+0.962
1529711640,+3.49, +7.405,+11.556,+0.962
1529712240,+3.49, +7.386,+11.538,+0.962
1529712840,+3.49, +7.358,+11.516,+0.961
1529713440,+3.49, +7.338,+11.519,+0.962
1529714040,+3.49, +7.281,+11.562,+0.962
1529714640,+3.49, +7.377,+11.525,+0.962
1529715240,+3.49, +7.358,+11.536,+0.962
1529715840,+3.49, +7.396,+11.546,+0.962
1529716440,+3.49, +7.549,+11.472,+0.962
1529717040,+3.49, +7.463,+11.502,+0.961
1529717640,+3.49, +7.520,+11.510,+0.962
1529718240,+3.49, +7.615,+11.470,+0.962
1529718840,+3.49, +7.596,+11.494,+0.962
1529719440,+3.49, +7.587,+11.510,+0.962
1529720040,+3.49, +7.634,+11.467,+0.961
1529720640,+3.49, +7.615,+11.514,+0.962
1529721240,+3.49, +7.729,+11.511,+0.962
1529721840,+3.49, +7.767,+11.536,+0.962
1529722440,+3.49, +7.777,+11.582,+0.962
1529723040,+3.49, +7.758,+11.610,+0.962
1529723640,+3.49, +7.767,+11.601,+0.961
1529724240,+3.49, +7.748,+11.627,+0.962
1529724840,+3.49, +7.767,+11.609,+0.961
1529725440,+3.49, +7.777,+11.622,+0.962
1529726040,+3.49, +7.710,+11.604,+0.962
1529726640,+3.49, +7.720,+11.578,+0.961
1529727240,+3.49, +7.653,+11.566,+0.962
1529727840,+3.49, +7.568,+11.591,+0.961
1529728440,+3.49, +7.472,+11.514,+0.961
1529729040,+3.49, +7.434,+11.546,+0.961
1529729640,+3.49, +7.386,+11.522,+0.962
1529730240,+3.49, +7.281,+11.548,+0.962
1529730840,+3.49, +7.291,+11.546,+0.962
1529731440,+3.49, +7.367,+11.523,+0.961
1529732040,+3.49, +7.338,+11.535,+0.962
1529732640,+3.49, +7.281,+11.545,+0.961
1529733240,+3.49, +7.367,+11.507,+0.961
1529733840,+3.49, +7.281,+11.542,+0.962
1529734440,+3.49, +7.223,+11.565,+0.961
1529735040,+3.49, +7.281,+11.572,+0.962
1529735640,+3.49, +7.348,+11.550,+0.961
1529736240,+3.49, +7.405,+11.517,+0.962
1529736840,+3.49, +7.300,+11.590,+0.962
1529737440,+3.49, +7.405,+11.564,+0.962
1529738040,+3.49, +7.491,+11.531,+0.961
1529738640,+3.49, +7.491,+11.557,+0.962
1529739240,+3.49, +7.453,+11.582,+0.962
1529739840,+3.49, +7.549,+11.572,+0.962
1529740440,+3.49, +7.472,+11.567,+0.961
1529741040,+3.49, +7.539,+11.593,+0.962
1529741640,+3.49, +7.491,+11.589,+0.961
1529742240,+3.49, +7.415,+11.572,+0.962
1529742840,+3.49, +7.310,+11.573,+0.961
1529743440,+3.49, +7.367,+11.548,+0.962
1529744040,+3.49, +7.377,+11.518,+0.961
1529744640,+3.49, +7.358,+11.513,+0.961
1529745240,+3.49, +7.310,+11.557,+0.962
1529745840,+3.49, +7.358,+11.546,+0.962
1529746440,+3.49, +7.377,+11.538,+0.961
1529747040,+3.49, +7.377,+11.559,+0.962
1529747640,+3.49, +7.434,+11.520,+0.961
1529748240,+3.49, +7.434,+11.524,+0.961
1529748840,+3.49, +7.549,+11.521,+0.962
1529749440,+3.49, +7.510,+11.492,+0.962
1529750040,+3.49, +7.434,+11.523,+0.962
1529750640,+3.49, +7.396,+11.523,+0.962
1529751240,+3.49, +7.358,+11.527,+0.962
1529751840,+3.49, +7.358,+11.514,+0.962
1529752440,+3.49, +7.291,+11.509,+0.962
1529753040,+3.49, +7.310,+11.474,+0.962
1529753640,+3.49, +7.329,+11.491,+0.962
1529754240,+3.49, +7.233,+11.496,+0.961
1529754840,+3.49, +7.108,+11.505,+0.961
1529755440,+3.49, +7.127,+11.468,+0.962
1529756040,+3.49, +7.195,+11.463,+0.961
1529756640,+3.49, +7.185,+11.485,+0.961
1529757240,+3.49, +7.214,+11.480,+0.961
1529757840,+3.49, +7.453,+11.529,+0.962
1529758440,+3.49, +7.568,+11.555,+0.961
1529759040,+3.49, +7.501,+11.573,+0.962
1529759640,+3.49, +7.568,+11.532,+0.962
1529760240,+3.49, +7.463,+11.559,+0.962
1529760840,+3.49, +7.558,+11.532,+0.962
1529761440,+3.49, +7.568,+11.522,+0.961
1529762040,+3.49, +7.587,+11.506,+0.961
1529762640,+3.49, +7.568,+11.536,+0.962
1529763240,+3.49, +7.587,+11.519,+0.962
1529763840,+3.49, +7.453,+11.542,+0.962
1529764440,+3.49, +7.625,+11.505,+0.962
1529765040,+3.49, +7.644,+11.483,+0.962
