7450-870449
OS REV: 1.03 Sensor Cal: 1524170757
Time (sec),  BV (Volts),  T (deg C),  DO (mg/l),  Q ()
1530287640,+3.49, +8.259,+11.427,+0.961
1530288240,+3.49, +8.287,+11.368,+0.961
1530288840,+3.49, +7.577,+11.322,+0.961
1530289440,+3.49, +7.748,+11.317,+0.961
1530290040,+3.49, +7.424,+11.390,+0.961
1530290640,+3.49, +7.472,+11.435,+0.961
1530291240,+3.49, +7.672,+11.573,+0.961
1530291840,+3.49, +7.995,+11.419,+0.961
1530292440,+3.49, +8.080,+11.477,+0.961
1530293040,+3.49, +7.995,+11.511,+0.962
1530293640,+3.49, +8.155,+11.440,+0.961
1530294240,+3.49, +8.644,+11.465,+0.962
1530294840,+3.49, +8.616,+11.421,+0.961
1530295440,+3.49, +8.503,+11.462,+0.961
1530296040,+3.49, +8.700,+11.412,+0.961
1530296640,+3.49, +8.756,+11.428,+0.961
1530297240,+3.49, +8.747,+11.410,+0.961
1530297840,+3.49, +9.507,+11.325,+0.961
1530298440,+3.50, +9.007,+11.285,+0.960
1530299040,+3.49, +8.438,+11.428,+0.961
1530299640,+3.50, +8.203,+11.426,+0.961
1530300240,+3.49, +8.268,+11.458,+0.961
1530300840,+3.49, +8.184,+11.435,+0.962
1530301440,+3.49, +7.758,+11.382,+0.961
1530302040,+3.49, +7.568,+11.334,+0.961
1530302640,+3.49, +7.491,+11.416,+0.961
1530303240,+3.49, +7.396,+11.327,+0.961
1530303840,+3.49, +7.089,+11.268,+0.961
1530304440,+3.49, +6.993,+11.332,+0.960
1530305040,+3.49, +6.935,+11.367,+0.961
1530305640,+3.49, +6.945,+11.369,+0.961
1530306240,+3.49, +6.829,+11.427,+0.961
1530306840,+3.49, +6.887,+11.386,+0.961
1530307440,+3.49, +6.964,+11.398,+0.961
1530308040,+3.49, +7.243,+11.373,+0.961
1530308640,+3.49, +7.434,+11.401,+0.961
1530309240,+3.49, +7.482,+11.468,+0.962
1530309840,+3.49, +7.491,+11.438,+0.961
1530310440,+3.49, +7.938,+11.477,+0.961
1530311040,+3.49, +8.212,+11.439,+0.961
1530311640,+3.49, +8.184,+11.471,+0.961
1530312240,+3.49, +8.231,+11.514,+0.961
1530312840,+3.49, +8.456,+11.477,+0.961
1530313440,+3.49, +8.503,+11.476,+0.961
1530314040,+3.49, +8.569,+11.467,+0.961
1530314640,+3.49, +8.952,+11.346,+0.961
1530315240,+3.49, +9.424,+11.416,+0.961
1530315840,+3.49, +8.859,+11.418,+0.961
1530316440,+3.49, +8.634,+11.483,+0.961
1530317040,+3.49, +8.961,+11.417,+0.961
1530317640,+3.49, +8.980,+11.417,+0.961
1530318240,+3.49, +8.942,+11.402,+0.961
1530318840,+3.50, +9.035,+11.436,+0.961
1530319440,+3.49, +9.406,+11.431,+0.961
1530320040,+3.49, +9.682,+11.377,+0.961
1530320640,+3.49, +9.600,+11.425,+0.961
1530321240,+3.49, +9.848,+11.319,+0.961
1530321840,+3.49, +9.774,+11.387,+0.961
1530322440,+3.50, +9.646,+11.361,+0.961
1530323040,+3.49, +9.692,+11.362,+0.961
1530323640,+3.50, +9.221,+11.343,+0.961
1530324240,+3.50, +9.072,+11.333,+0.961
1530324840,+3.50, +9.230,+11.345,+0.961
1530325440,+3.50, +9.156,+11.374,+0.961
1530326040,+3.50, +9.110,+11.336,+0.961
1530326640,+3.50, +9.091,+11.307,+0.960
1530327240,+3.50, +8.625,+11.371,+0.961
1530327840,+3.50, +8.634,+11.429,+0.962
1530328440,+3.49, +8.672,+11.359,+0.961
1530329040,+3.49, +8.700,+11.413,+0.961
1530329640,+3.50, +8.503,+11.429,+0.962
1530330240,+3.50, +8.428,+11.387,+0.961
1530330840,+3.49, +8.306,+11.349,+0.961
1530331440,+3.50, +8.381,+11.361,+0.961
1530332040,+3.50, +8.391,+11.378,+0.961
1530332640,+3.50, +8.419,+11.370,+0.961
1530333240,+3.49, +8.456,+11.399,+0.961
1530333840,+3.50, +8.447,+11.424,+0.961
1530334440,+3.49, +8.522,+11.406,+0.961
1530335040,+3.50, +8.634,+11.347,+0.961
1530335640,+3.50, +8.400,+11.395,+0.961
1530336240,+3.50, +8.381,+11.338,+0.961
1530336840,+3.49, +8.428,+11.342,+0.961
1530337440,+3.49, +8.485,+11.328,+0.961
1530338040,+3.50, +8.531,+11.271,+0.961
1530338640,+3.49, +8.503,+11.295,+0.961
1530339240,+3.50, +8.485,+11.321,+0.961
1530339840,+3.49, +8.513,+11.335,+0.961
1530340440,+3.49, +8.597,+11.329,+0.961
1530341040,+3.49, +8.606,+11.319,+0.961
1530341640,+3.49, +8.606,+11.307,+0.961
1530342240,+3.49, +8.616,+11.323,+0.961
1530342840,+3.50, +8.447,+11.257,+0.961
1530343440,+3.50, +8.344,+11.319,+0.961
1530344040,+3.49, +8.155,+11.339,+0.961
1530344640,+3.50, +8.023,+11.261,+0.961
1530345240,+3.50, +7.748,+11.353,+0.961
1530345840,+3.50, +7.720,+11.364,+0.961
1530346440,+3.50, +7.691,+11.392,+0.961
1530347040,+3.49, +7.995,+11.370,+0.962
1530347640,+3.49, +8.042,+11.362,+0.961
1530348240,+3.50, +8.080,+11.363,+0.961
1530348840,+3.50, +8.108,+11.351,+0.961
1530349440,+3.50, +8.212,+11.330,+0.961
1530350040,+3.50, +8.165,+11.351,+0.961
1530350640,+3.49, +8.165,+11.354,+0.961
1530351240,+3.49, +8.155,+11.336,+0.961
1530351840,+3.50, +8.108,+11.352,+0.961
1530352440,+3.49, +8.127,+11.353,+0.961
1530353040,+3.50, +8.165,+11.314,+0.961
1530353640,+3.49, +8.287,+11.337,+0.961
1530354240,+3.49, +8.203,+11.348,+0.961
1530354840,+3.49, +8.344,+11.318,+0.961
1530355440,+3.49, +8.419,+11.346,+0.961
1530356040,+3.49, +8.174,+11.375,+0.961
1530356640,+3.50, +8.174,+11.296,+0.961
1530357240,+3.49, +8.127,+11.331,+0.961
1530357840,+3.49, +8.089,+11.350,+0.961
1530358440,+3.49, +8.165,+11.334,+0.961
1530359040,+3.49, +8.353,+11.310,+0.961
1530359640,+3.49, +8.438,+11.340,+0.961
1530360240,+3.49, +8.316,+11.395,+0.961
1530360840,+3.49, +8.541,+11.328,+0.961
1530361440,+3.49, +8.278,+11.343,+0.961
1530362040,+3.49, +8.278,+11.322,+0.961
1530362640,+3.49, +8.391,+11.394,+0.961
1530363240,+3.49, +8.381,+11.379,+0.962
1530363840,+3.49, +8.831,+11.251,+0.960
1530364440,+3.49, +8.700,+11.339,+0.962
1530365040,+3.49, +8.886,+11.276,+0.961
1530365640,+3.49, +8.803,+11.322,+0.961
1530366240,+3.50, +8.070,+11.301,+0.961
1530366840,+3.49, +8.240,+11.344,+0.961
1530367440,+3.49, +8.503,+11.332,+0.961
1530368040,+3.49, +8.306,+11.308,+0.961
1530368640,+3.50, +8.597,+11.303,+0.961
1530369240,+3.49, +8.914,+11.252,+0.961
1530369840,+3.50, +9.193,+11.331,+0.962
1530370440,+3.50, +8.737,+11.236,+0.960
1530371040,+3.49, +8.663,+11.274,+0.961
1530371640,+3.49, +8.588,+11.338,+0.961
1530372240,+3.50, +8.438,+11.311,+0.961
1530372840,+3.50, +8.410,+11.297,+0.961
1530373440,+3.50, +8.268,+11.311,+0.961
1530374040,+3.50, +8.325,+11.297,+0.961
