7450-870449
OS REV: 1.03 Sensor Cal: 1524170757
Time (sec),  BV (Volts),  T (deg C),  DO (mg/l),  Q ()
1535942640,+3.51,+12.607, +9.645,+0.966
1535943240,+3.51,+12.889, +9.524,+0.966
1535943840,+3.51,+12.828, +9.554,+0.966
1535944440,+3.51,+12.854, +9.632,+0.966
1535945040,+3.51,+12.889, +9.602,+0.966
1535945640,+3.51,+12.607, +9.742,+0.967
1535946240,+3.51,+12.607, +9.710,+0.966
1535946840,+3.51,+12.457, +9.685,+0.966
1535947440,+3.51,+12.094, +9.771,+0.966
1535948040,+3.51,+11.854, +9.853,+0.967
1535948640,+3.51,+11.720, +9.857,+0.967
1535949240,+3.51,+11.496, +9.861,+0.967
1535949840,+3.51,+11.729, +9.893,+0.967
1535950440,+3.51,+11.586, +9.854,+0.967
1535951040,+3.51,+11.550, +9.869,+0.967
1535951640,+3.51,+11.496, +9.931,+0.967
1535952240,+3.51,+11.470, +9.937,+0.967
1535952840,+3.51,+11.559, +9.947,+0.967
1535953440,+3.51,+11.604, +9.935,+0.967
1535954040,+3.51,+11.577, +9.935,+0.967
1535954640,+3.51,+11.640, +9.933,+0.968
1535955240,+3.51,+11.996, +9.854,+0.967
1535955840,+3.51,+12.440, +9.828,+0.966
1535956440,+3.51,+12.501, +9.817,+0.967
1535957040,+3.51,+12.501, +9.809,+0.966
1535957640,+3.51,+11.996, +9.875,+0.967
1535958240,+3.51,+11.952, +9.900,+0.967
1535958840,+3.51,+11.845, +9.962,+0.967
1535959440,+3.51,+12.014, +9.921,+0.967
1535960040,+3.51,+12.192, +9.902,+0.967
1535960640,+3.51,+12.023, +9.894,+0.967
1535961240,+3.51,+12.103, +9.891,+0.967
1535961840,+3.51,+12.360, +9.855,+0.966
1535962440,+3.51,+12.528, +9.810,+0.966
1535963040,+3.51,+12.810, +9.749,+0.966
1535963640,+3.51,+12.951, +9.743,+0.967
1535964240,+3.51,+12.977, +9.731,+0.966
1535964840,+3.51,+13.012, +9.654,+0.966
1535965440,+3.51,+13.083, +9.696,+0.966
1535966040,+3.51,+13.074, +9.650,+0.966
1535966640,+3.51,+13.232, +9.607,+0.966
1535967240,+3.51,+13.337, +9.573,+0.966
1535967840,+3.51,+13.381, +9.582,+0.966
1535968440,+3.51,+13.590, +9.566,+0.966
1535969040,+3.51,+13.477, +9.564,+0.966
1535969640,+3.51,+13.083, +9.581,+0.966
1535970240,+3.51,+12.793, +9.704,+0.966
1535970840,+3.51,+12.563, +9.735,+0.966
1535971440,+3.51,+12.475, +9.766,+0.966
1535972040,+3.51,+12.227, +9.809,+0.967
1535972640,+3.51,+12.218, +9.785,+0.967
1535973240,+3.51,+12.147, +9.799,+0.967
1535973840,+3.51,+11.925, +9.761,+0.966
1535974440,+3.51,+11.898, +9.793,+0.967
1535975040,+3.51,+11.925, +9.717,+0.967
1535975640,+3.51,+12.014, +9.811,+0.966
1535976240,+3.51,+11.845, +9.748,+0.967
1535976840,+3.51,+11.711, +9.754,+0.966
1535977440,+3.51,+11.818, +9.764,+0.967
1535978040,+3.51,+12.023, +9.741,+0.967
1535978640,+3.51,+12.289, +9.787,+0.966
1535979240,+3.51,+11.640, +9.802,+0.967
1535979840,+3.51,+11.773, +9.719,+0.966
1535980440,+3.51,+11.907, +9.774,+0.967
1535981040,+3.51,+12.041, +9.765,+0.966
1535981640,+3.51,+11.943, +9.715,+0.966
1535982240,+3.51,+11.872, +9.721,+0.966
1535982840,+3.51,+11.854, +9.745,+0.967
1535983440,+3.51,+11.916, +9.716,+0.966
1535984040,+3.51,+12.192, +9.761,+0.967
1535984640,+3.51,+12.395, +9.710,+0.967
1535985240,+3.51,+12.360, +9.751,+0.967
1535985840,+3.51,+12.263, +9.727,+0.967
1535986440,+3.51,+12.147, +9.651,+0.967
1535987040,+3.51,+12.360, +9.668,+0.966
1535987640,+3.51,+12.387, +9.685,+0.966
1535988240,+3.51,+12.404, +9.680,+0.966
1535988840,+3.51,+12.387, +9.716,+0.966
1535989440,+3.51,+12.369, +9.713,+0.966
1535990040,+3.51,+12.085, +9.761,+0.966
1535990640,+3.51,+11.791, +9.705,+0.967
1535991240,+3.51,+11.854, +9.779,+0.967
1535991840,+3.51,+11.952, +9.850,+0.967
1535992440,+3.51,+12.236, +9.735,+0.967
1535993040,+3.51,+12.254, +9.801,+0.967
1535993640,+3.51,+12.395, +9.803,+0.966
1535994240,+3.51,+12.660, +9.693,+0.966
1535994840,+3.51,+12.537, +9.686,+0.965
1535995440,+3.51,+12.165, +9.766,+0.966
1535996040,+3.51,+12.431, +9.771,+0.966
1535996640,+3.51,+12.845, +9.657,+0.966
1535997240,+3.51,+12.801, +9.713,+0.966
1535997840,+3.51,+12.475, +9.783,+0.966
1535998440,+3.51,+12.404, +9.846,+0.967
1535999040,+3.51,+12.342, +9.864,+0.966
1535999640,+3.51,+12.351, +9.864,+0.967
1536000240,+3.51,+12.316, +9.867,+0.967
1536000840,+3.51,+12.325, +9.850,+0.967
1536001440,+3.51,+12.067, +9.847,+0.967
1536002040,+3.51,+11.872, +9.880,+0.967
1536002640,+3.51,+11.961, +9.846,+0.967
1536003240,+3.51,+11.702, +9.869,+0.966
1536003840,+3.51,+11.461, +9.961,+0.967
1536004440,+3.51,+11.505,+10.010,+0.967
1536005040,+3.51,+11.523, +9.991,+0.967
1536005640,+3.51,+11.505, +9.935,+0.967
1536006240,+3.51,+11.756, +9.863,+0.966
1536006840,+3.51,+11.693, +9.872,+0.967
1536007440,+3.51,+11.961, +9.799,+0.966
1536008040,+3.51,+11.978, +9.799,+0.966
1536008640,+3.51,+11.863, +9.823,+0.967
1536009240,+3.51,+11.782, +9.836,+0.966
1536009840,+3.51,+12.041, +9.844,+0.967
1536010440,+3.51,+12.049, +9.814,+0.967
1536011040,+3.51,+12.121, +9.768,+0.966
1536011640,+3.51,+11.872, +9.833,+0.967
1536012240,+3.51,+11.443, +9.788,+0.967
1536012840,+3.51,+11.344, +9.812,+0.967
1536013440,+3.51,+11.290, +9.796,+0.967
1536014040,+3.51,+11.227, +9.824,+0.967
1536014640,+3.51,+11.047, +9.821,+0.967
1536015240,+3.51,+10.975, +9.793,+0.967
1536015840,+3.51,+11.047, +9.819,+0.967
1536016440,+3.51,+11.011, +9.754,+0.967
1536017040,+3.51,+11.065, +9.714,+0.967
1536017640,+3.51,+11.317, +9.709,+0.967
1536018240,+3.51,+11.200, +9.760,+0.967
1536018840,+3.51,+11.353, +9.725,+0.967
1536019440,+3.51,+11.344, +9.712,+0.967
1536020040,+3.51,+11.281, +9.718,+0.967
1536020640,+3.51,+11.398, +9.722,+0.967
1536021240,+3.51,+11.657, +9.733,+0.967
1536021840,+3.51,+11.907, +9.773,+0.967
1536022440,+3.51,+12.643, +9.648,+0.966
1536023040,+3.51,+12.881, +9.632,+0.966
1536023640,+3.51,+12.801, +9.666,+0.966
1536024240,+3.51,+12.810, +9.729,+0.966
1536024840,+3.51,+12.845, +9.692,+0.966
1536025440,+3.51,+13.021, +9.652,+0.966
1536026040,+3.51,+13.258, +9.639,+0.966
1536026640,+3.51,+13.311, +9.537,+0.966
1536027240,+3.51,+13.319, +9.619,+0.966
1536027840,+3.51,+13.249, +9.646,+0.966
1536028440,+3.51,+13.319, +9.571,+0.966
1536029040,+3.51,+13.065, +9.645,+0.966
