7450-639850
OS REV: 1.03 Sensor Cal: 1524169719
Time (sec),  BV (Volts),  T (deg C),  DO (mg/l),  Q ()
1532810700,+3.55,+19.930, +8.816,+1.047
1532811300,+3.55,+19.963, +8.811,+1.047
1532811900,+3.55,+19.971, +8.801,+1.047
1532812500,+3.55,+19.913, +8.825,+1.047
1532813100,+3.55,+20.047, +8.789,+1.047
1532813700,+3.55,+19.955, +8.811,+1.047
1532814300,+3.55,+19.980, +8.799,+1.046
1532814900,+3.55,+20.047, +8.784,+1.047
1532815500,+3.55,+19.997, +8.801,+1.047
1532816100,+3.55,+19.988, +8.796,+1.047
1532816700,+3.55,+20.072, +8.763,+1.046
1532817300,+3.55,+19.980, +8.798,+1.047
1532817900,+3.55,+20.005, +8.786,+1.047
1532818500,+3.55,+19.930, +8.810,+1.047
1532819100,+3.55,+20.005, +8.804,+1.047
1532819700,+3.55,+19.963, +8.808,+1.047
1532820300,+3.55,+19.988, +8.795,+1.047
1532820900,+3.55,+20.080, +8.824,+1.047
1532821500,+3.55,+20.164, +8.832,+1.048
1532822100,+3.55,+20.197, +8.806,+1.047
1532822700,+3.55,+20.131, +8.840,+1.046
1532823300,+3.55,+20.131, +8.810,+1.047
1532823900,+3.55,+20.122, +8.825,+1.047
1532824500,+3.55,+20.156, +8.830,+1.047
1532825100,+3.55,+20.038, +8.844,+1.046
1532825700,+3.55,+20.197, +8.834,+1.047
1532826300,+3.55,+20.239, +8.814,+1.047
1532826900,+3.55,+20.281, +8.808,+1.046
1532827500,+3.55,+20.239, +8.835,+1.047
1532828100,+3.55,+20.340, +8.801,+1.047
1532828700,+3.55,+20.290, +8.812,+1.047
1532829300,+3.55,+20.315, +8.806,+1.047
1532829900,+3.55,+20.281, +8.817,+1.047
1532830500,+3.55,+20.306, +8.801,+1.047
1532831100,+3.55,+20.256, +8.811,+1.047
1532831700,+3.55,+20.239, +8.812,+1.047
1532832300,+3.55,+20.214, +8.813,+1.047
1532832900,+3.55,+19.946, +8.820,+1.046
1532833500,+3.55,+19.745, +8.862,+1.046
1532834100,+3.55,+18.999, +9.114,+1.046
1532834700,+3.55,+18.924, +9.121,+1.047
1532835300,+3.55,+18.722, +9.200,+1.047
1532835900,+3.55,+18.840, +9.160,+1.048
1532836500,+3.55,+18.882, +9.131,+1.047
1532837100,+3.55,+18.831, +9.181,+1.048
1532837700,+3.55,+18.882, +9.145,+1.048
1532838300,+3.55,+19.108, +9.072,+1.048
1532838900,+3.55,+18.999, +9.114,+1.047
1532839500,+3.55,+18.974, +9.102,+1.047
1532840100,+3.55,+19.075, +9.084,+1.047
1532840700,+3.55,+19.268, +9.024,+1.047
1532841300,+3.55,+19.502, +8.946,+1.047
1532841900,+3.55,+19.695, +8.902,+1.047
1532842500,+3.55,+19.662, +8.914,+1.047
1532843100,+3.55,+19.511, +8.922,+1.047
1532843700,+3.55,+19.410, +8.957,+1.047
1532844300,+3.55,+19.402, +8.959,+1.047
1532844900,+3.55,+19.452, +8.935,+1.047
1532845500,+3.55,+20.097, +8.784,+1.047
1532846100,+3.55,+20.281, +8.765,+1.048
1532846700,+3.55,+20.382, +8.720,+1.047
1532847300,+3.55,+20.382, +8.716,+1.047
1532847900,+3.55,+20.373, +8.714,+1.047
1532848500,+3.55,+20.390, +8.707,+1.047
1532849100,+3.55,+20.382, +8.706,+1.047
1532849700,+3.55,+20.390, +8.695,+1.047
1532850300,+3.55,+20.365, +8.716,+1.047
1532850900,+3.55,+20.356, +8.703,+1.047
1532851500,+3.55,+20.315, +8.713,+1.047
1532852100,+3.55,+20.356, +8.705,+1.047
1532852700,+3.55,+20.315, +8.721,+1.048
1532853300,+3.55,+20.264, +8.711,+1.047
1532853900,+3.55,+20.206, +8.737,+1.047
1532854500,+3.55,+20.248, +8.723,+1.047
1532855100,+3.55,+20.206, +8.740,+1.047
1532855700,+3.55,+20.197, +8.717,+1.047
1532856300,+3.55,+20.206, +8.710,+1.047
1532856900,+3.55,+20.223, +8.730,+1.047
1532857500,+3.55,+20.181, +8.741,+1.047
1532858100,+3.55,+19.704, +8.856,+1.047
1532858700,+3.55,+20.114, +8.729,+1.047
1532859300,+3.55,+19.779, +8.846,+1.048
1532859900,+3.55,+19.645, +8.862,+1.047
1532860500,+3.55,+19.879, +8.838,+1.048
1532861100,+3.55,+19.678, +8.856,+1.047
1532861700,+3.55,+19.930, +8.797,+1.047
1532862300,+3.55,+19.871, +8.771,+1.047
1532862900,+3.55,+19.896, +8.827,+1.048
1532863500,+3.55,+20.139, +8.720,+1.048
1532864100,+3.55,+20.181, +8.718,+1.047
1532864700,+3.55,+20.122, +8.720,+1.047
1532865300,+3.55,+20.122, +8.728,+1.047
1532865900,+3.55,+20.147, +8.725,+1.047
1532866500,+3.55,+20.156, +8.729,+1.048
1532867100,+3.55,+20.105, +8.737,+1.047
1532867700,+3.55,+20.131, +8.731,+1.047
1532868300,+3.55,+20.172, +8.712,+1.047
1532868900,+3.55,+20.156, +8.710,+1.047
1532869500,+3.55,+20.181, +8.695,+1.048
1532870100,+3.55,+20.122, +8.714,+1.048
1532870700,+3.55,+20.181, +8.689,+1.048
1532871300,+3.55,+20.139, +8.696,+1.047
1532871900,+3.55,+20.122, +8.679,+1.047
1532872500,+3.55,+20.172, +8.674,+1.047
1532873100,+3.55,+20.156, +8.690,+1.047
1532873700,+3.55,+20.206, +8.698,+1.047
1532874300,+3.55,+20.114, +8.720,+1.047
1532874900,+3.55,+20.164, +8.695,+1.047
1532875500,+3.55,+20.181, +8.686,+1.047
1532876100,+3.55,+20.131, +8.689,+1.047
1532876700,+3.55,+20.139, +8.696,+1.048
1532877300,+3.55,+20.139, +8.687,+1.047
1532877900,+3.55,+20.206, +8.638,+1.047
1532878500,+3.55,+20.164, +8.662,+1.047
1532879100,+3.55,+20.206, +8.670,+1.047
1532879700,+3.55,+20.223, +8.676,+1.047
1532880300,+3.55,+20.089, +8.733,+1.048
1532880900,+3.55,+20.147, +8.718,+1.047
1532881500,+3.55,+20.131, +8.712,+1.047
1532882100,+3.55,+20.147, +8.730,+1.047
1532882700,+3.55,+20.114, +8.745,+1.048
1532883300,+3.55,+20.105, +8.738,+1.047
1532883900,+3.55,+20.172, +8.745,+1.048
1532884500,+3.55,+20.114, +8.749,+1.048
1532885100,+3.55,+20.114, +8.739,+1.048
1532885700,+3.55,+20.139, +8.733,+1.048
1532886300,+3.55,+20.105, +8.766,+1.047
1532886900,+3.55,+20.089, +8.758,+1.047
1532887500,+3.55,+20.047, +8.759,+1.047
1532888100,+3.55,+19.963, +8.786,+1.047
1532888700,+3.55,+20.005, +8.771,+1.047
1532889300,+3.55,+20.005, +8.768,+1.047
1532889900,+3.55,+19.896, +8.808,+1.047
1532890500,+3.55,+19.946, +8.806,+1.047
1532891100,+3.55,+19.963, +8.819,+1.048
1532891700,+3.55,+20.131, +8.771,+1.048
1532892300,+3.55,+20.072, +8.813,+1.048
1532892900,+3.55,+20.172, +8.792,+1.047
1532893500,+3.55,+20.181, +8.799,+1.048
1532894100,+3.55,+20.147, +8.809,+1.048
1532894700,+3.55,+20.181, +8.788,+1.047
1532895300,+3.55,+20.172, +8.812,+1.048
1532895900,+3.55,+20.181, +8.807,+1.047
1532896500,+3.55,+20.164, +8.813,+1.047
1532897100,+3.55,+20.156, +8.825,+1.047
