7450-639850
OS REV: 1.03 Sensor Cal: 1524169719
Time (sec),  BV (Volts),  T (deg C),  DO (mg/l),  Q ()
1530722700,+3.53,+14.355, +9.906,+1.031
1530723300,+3.53,+14.389, +9.923,+1.032
1530723900,+3.53,+14.588, +9.878,+1.032
1530724500,+3.53,+14.588, +9.947,+1.032
1530725100,+3.53,+14.640, +9.854,+1.031
1530725700,+3.53,+14.925, +9.778,+1.031
1530726300,+3.53,+14.976, +9.773,+1.031
1530726900,+3.53,+15.045, +9.730,+1.031
1530727500,+3.53,+14.959, +9.756,+1.031
1530728100,+3.53,+14.976, +9.769,+1.031
1530728700,+3.53,+15.295, +9.753,+1.031
1530729300,+3.53,+14.908, +9.857,+1.031
1530729900,+3.53,+14.942, +9.851,+1.031
1530730500,+3.53,+14.959, +9.843,+1.031
1530731100,+3.53,+14.942, +9.901,+1.031
1530731700,+3.53,+14.951, +9.881,+1.031
1530732300,+3.53,+14.856, +9.945,+1.030
1530732900,+3.53,+14.908, +9.915,+1.031
1530733500,+3.53,+14.813, +9.924,+1.031
1530734100,+3.53,+14.744, +9.919,+1.031
1530734700,+3.53,+14.580, +9.971,+1.031
1530735300,+3.53,+14.441,+10.050,+1.032
1530735900,+3.53,+14.554,+10.015,+1.031
1530736500,+3.53,+14.735, +9.988,+1.031
1530737100,+3.53,+14.951, +9.836,+1.031
1530737700,+3.53,+15.020, +9.821,+1.031
1530738300,+3.53,+15.097, +9.780,+1.030
1530738900,+3.53,+15.045, +9.866,+1.031
1530739500,+3.53,+15.114, +9.875,+1.031
1530740100,+3.53,+15.346, +9.775,+1.031
1530740700,+3.53,+15.320, +9.732,+1.031
1530741300,+3.53,+15.466, +9.748,+1.031
1530741900,+3.53,+15.621, +9.736,+1.031
1530742500,+3.53,+15.672, +9.739,+1.031
1530743100,+3.53,+15.569, +9.690,+1.030
1530743700,+3.53,+15.646, +9.716,+1.031
1530744300,+3.53,+15.698, +9.696,+1.030
1530744900,+3.53,+15.578, +9.708,+1.030
1530745500,+3.53,+15.466, +9.717,+1.031
1530746100,+3.53,+15.381, +9.761,+1.030
1530746700,+3.53,+15.458, +9.683,+1.031
1530747300,+3.53,+14.908, +9.886,+1.031
1530747900,+3.53,+15.295, +9.754,+1.030
1530748500,+3.53,+14.735, +9.926,+1.031
1530749100,+3.53,+14.389, +9.982,+1.030
1530749700,+3.53,+14.623, +9.925,+1.031
1530750300,+3.53,+14.016,+10.138,+1.031
1530750900,+3.53,+13.947,+10.156,+1.031
1530751500,+3.53,+13.912,+10.173,+1.032
1530752100,+3.53,+13.834,+10.197,+1.031
1530752700,+3.53,+14.051,+10.050,+1.031
1530753300,+3.53,+13.650,+10.190,+1.031
1530753900,+3.53,+13.929,+10.221,+1.032
1530754500,+3.53,+14.016,+10.126,+1.031
1530755100,+3.53,+14.181,+10.088,+1.032
1530755700,+3.53,+13.929,+10.179,+1.031
1530756300,+3.53,+13.886,+10.165,+1.031
1530756900,+3.53,+13.799,+10.229,+1.032
1530757500,+3.53,+13.581,+10.264,+1.032
1530758100,+3.53,+13.589,+10.253,+1.032
1530758700,+3.53,+13.519,+10.309,+1.032
1530759300,+3.53,+13.729,+10.260,+1.032
1530759900,+3.53,+13.746,+10.254,+1.032
1530760500,+3.53,+13.729,+10.236,+1.032
1530761100,+3.53,+14.233,+10.036,+1.032
1530761700,+3.53,+14.268,+10.048,+1.032
1530762300,+3.53,+14.042,+10.157,+1.031
1530762900,+3.53,+14.933, +9.830,+1.032
1530763500,+3.53,+14.285,+10.096,+1.032
1530764100,+3.53,+14.545, +9.928,+1.031
1530764700,+3.53,+14.285,+10.062,+1.032
1530765300,+3.53,+14.606, +9.890,+1.031
1530765900,+3.53,+14.839, +9.859,+1.031
1530766500,+3.53,+14.847, +9.914,+1.031
1530767100,+3.53,+14.882, +9.897,+1.032
1530767700,+3.53,+14.847, +9.949,+1.032
1530768300,+3.53,+14.796, +9.935,+1.031
1530768900,+3.53,+14.873, +9.861,+1.031
1530769500,+3.53,+14.761, +9.959,+1.031
1530770100,+3.53,+15.002, +9.852,+1.031
1530770700,+3.53,+14.847, +9.922,+1.031
1530771300,+3.53,+14.519, +9.990,+1.031
1530771900,+3.53,+14.502,+10.017,+1.031
1530772500,+3.53,+14.510,+10.046,+1.032
1530773100,+3.53,+14.441, +9.996,+1.032
1530773700,+3.53,+14.562, +9.988,+1.031
1530774300,+3.53,+14.640, +9.976,+1.031
1530774900,+3.53,+14.519,+10.040,+1.032
1530775500,+3.53,+14.614, +9.995,+1.031
1530776100,+3.53,+14.571, +9.989,+1.031
1530776700,+3.53,+14.485,+10.031,+1.031
1530777300,+3.53,+14.554,+10.006,+1.031
1530777900,+3.53,+14.545,+10.059,+1.032
1530778500,+3.53,+14.744,+10.013,+1.032
1530779100,+3.53,+14.709,+10.021,+1.031
1530779700,+3.53,+14.614,+10.001,+1.031
1530780300,+3.53,+14.649,+10.014,+1.032
1530780900,+3.53,+14.562,+10.005,+1.031
1530781500,+3.53,+14.493,+10.020,+1.032
1530782100,+3.53,+14.683, +9.937,+1.032
1530782700,+3.53,+14.631, +9.949,+1.031
1530783300,+3.53,+14.735, +9.904,+1.031
1530783900,+3.53,+14.916, +9.891,+1.032
1530784500,+3.53,+14.614, +9.948,+1.031
1530785100,+3.53,+14.519, +9.973,+1.031
1530785700,+3.53,+14.476, +9.993,+1.032
1530786300,+3.53,+14.614, +9.931,+1.031
1530786900,+3.53,+14.571, +9.972,+1.031
1530787500,+3.53,+14.485, +9.980,+1.031
1530788100,+3.53,+14.441,+10.032,+1.032
1530788700,+3.53,+14.398,+10.032,+1.032
1530789300,+3.53,+14.311,+10.010,+1.031
1530789900,+3.53,+14.216,+10.033,+1.032
1530790500,+3.53,+14.207,+10.037,+1.032
1530791100,+3.53,+14.225,+10.027,+1.032
1530791700,+3.53,+14.251,+10.058,+1.032
1530792300,+3.53,+14.381,+10.015,+1.032
1530792900,+3.53,+14.320,+10.052,+1.031
1530793500,+3.53,+14.562, +9.937,+1.032
1530794100,+3.53,+14.476, +9.990,+1.032
1530794700,+3.53,+14.476,+10.035,+1.032
1530795300,+3.53,+14.959, +9.912,+1.031
1530795900,+3.53,+14.657,+10.014,+1.031
1530796500,+3.53,+14.890, +9.941,+1.031
1530797100,+3.53,+15.002, +9.933,+1.031
1530797700,+3.53,+15.269, +9.831,+1.032
1530798300,+3.53,+15.629, +9.731,+1.031
1530798900,+3.53,+15.569, +9.741,+1.031
1530799500,+3.53,+15.552, +9.724,+1.031
1530800100,+3.53,+15.449, +9.781,+1.031
1530800700,+3.53,+15.080, +9.909,+1.031
1530801300,+3.53,+14.899, +9.924,+1.031
1530801900,+3.53,+14.692, +9.987,+1.031
1530802500,+3.53,+14.657, +9.987,+1.031
1530803100,+3.53,+14.675, +9.963,+1.032
1530803700,+3.53,+14.562, +9.964,+1.031
1530804300,+3.53,+14.562, +9.962,+1.031
1530804900,+3.53,+14.389,+10.018,+1.031
1530805500,+3.53,+14.372,+10.052,+1.032
1530806100,+3.53,+14.207,+10.096,+1.031
1530806700,+3.53,+14.147,+10.146,+1.032
1530807300,+3.53,+14.138,+10.157,+1.031
1530807900,+3.53,+14.303,+10.107,+1.032
1530808500,+3.53,+14.597,+10.021,+1.032
1530809100,+3.53,+14.701, +9.987,+1.031
